Event #: 0
[-2112, -323, -321, -311, -213, -211, -11, 11, 22, 111, 113, 130, 211, 213, 221, 223, 310, 311, 321, 323, 331, 2112, 2212]
Event #: 1
[-3212, -3122, -2212, -321, -313, -211, 22, 111, 113, 130, 211, 221, 223, 311, 321, 323, 331, 2112, 2212, 2224, 3122]
Event #: 2
[-2212, -213, -211, 22, 111, 113, 211, 221, 223, 331, 2112, 2212, 2224]
Event #: 3
[-2212, -321, -213, -211, 22, 111, 113, 211, 213, 221, 321, 331, 2112, 2212]
Event  0 unique pdgids:  {-2112, -311, 11, -11, 310, -323}
Event  1 unique pdgids:  {3122, -3212, -3122, -313}
Event  2 no unique pdgids
Event  3 no unique pdgids
All pdgids across the file:  [-3212, -3122, -2212, -2112, -323, -321, -313, -311, -213, -211, -11, 11, 22, 111, 113, 130, 211, 213, 221, 223, 310, 311, 321, 323, 331, 2112, 2212, 2224, 3122]
Event #: 0
[-2112, -323, -321, -311, -213, -211, -11, 11, 22, 111, 113, 130, 211, 213, 221, 223, 310, 311, 321, 323, 331, 2112, 2212]
Event #: 1
[-3212, -3122, -2212, -321, -313, -211, 22, 111, 113, 130, 211, 221, 223, 311, 321, 323, 331, 2112, 2212, 2224, 3122]
Event #: 2
[-2212, -213, -211, 22, 111, 113, 211, 221, 223, 331, 2112, 2212, 2224]
Event #: 3
[-2212, -321, -213, -211, 22, 111, 113, 211, 213, 221, 321, 331, 2112, 2212]
Event  0 unique pdgids:  {-2112, -311, 11, -11, 310, -323}
Event  1 unique pdgids:  {3122, -3212, -3122, -313}
Event  2 no unique pdgids
Event  3 no unique pdgids

All pdgids across the file:  [-3212, -3122, -2212, -2112, -323, -321, -313, -311, -213, -211, -11, 11, 22, 111, 113, 130, 211, 213, 221, 223, 310, 311, 321, 323, 331, 2112, 2212, 2224, 3122]

Count of number of events with a given PDG ID
-3212 1
-3122 1
-2212 3
-2112 1
-323 1
-321 3
-313 1
-311 1
-213 3
-211 4
-11 1
11 1
22 4
111 4
113 4
130 2
211 4
213 2
221 4
223 3
310 1
311 2
321 3
323 2
331 4
2112 4
2212 4
2224 2
3122 1
