
HepMC::Version 2.06.11
HepMC::IO_GenEvent-START_EVENT_LISTING
E 0 -1 -1.0000000000000000e+00 -1.0000000000000000e+00 -1.0000000000000000e+00 101 -1 43 10001 10002 0 0
U GEV MM
C 4.1841217041015625e+10 0.0000000000000000e+00
H -1 1 1 -1 0 0 0 0 0 0 0 0 4.1841217536000000e+10
F 0 0 0 0 0 0 0 0 0
V -1 0 0 0 0 0 2 41 0
P 10001 2212 0 0 1.0000001525878906e+02 1.0000441700790465e+02 9.3827998638153076e-01 4 0 0 -1 0
P 10002 2212 0 0 -1.0000001525878906e+02 1.0000441700790465e+02 9.3827998638153076e-01 4 0 0 -1 0
P 10003 111 -2.5165063142776489e-01 -4.3940052390098572e-01 1.9128482818603516e+01 1.9135659714305845e+01 1.3496999442577362e-01 2 0 0 -2 0
P 10004 223 2.5165063142776489e-01 4.3940052390098572e-01 9.9561376571655273e+00 9.9996809410139740e+00 7.8264999389648438e-01 2 0 0 -3 0
P 10005 113 2.8736886382102966e-01 2.6245450973510742e-01 9.1526708602905273e+00 9.1931191287258809e+00 7.6849997043609619e-01 2 0 0 -4 0
P 10006 -211 -1.1214935779571533e+00 4.7500026226043701e-01 -6.0688762664794922e+00 6.1914547577017052e+00 1.3956999778747559e-01 1 0 0 0 0
P 10007 323 1.5487793684005737e+00 -1.7709897458553314e-01 -3.5667812824249268e+00 3.9933779944489167e+00 8.9165997505187988e-01 2 0 0 -5 0
P 10008 -323 4.4554907083511353e-01 -6.3123875856399536e-01 3.1374347209930420e+00 3.3519442842084435e+00 8.9165997505187988e-01 2 0 0 -6 0
P 10009 -323 -1.5611053705215454e+00 1.1221069842576981e-01 -1.2719844579696655e+00 2.2051401749408841e+00 8.9165997505187988e-01 2 0 0 -7 0
P 10010 221 -3.4684365987777710e-01 1.5640512108802795e-01 -2.4423170089721680e-01 7.1031813050585180e-01 5.4785001277923584e-01 2 0 0 -8 0
P 10011 2212 3.8565847277641296e-01 -6.2343984842300415e-01 5.6774604320526123e-01 1.3191269134020216e+00 9.3826997280120850e-01 1 0 0 0 0
P 10012 311 2.0003402233123779e-01 5.2187252044677734e-01 2.4366734027862549e+00 2.5490031842445009e+00 4.9766999483108521e-01 2 0 0 -9 0
P 10013 -2112 -2.2790274024009705e-01 3.6050242185592651e-01 6.4222335815429688e-01 1.2153782539091964e+00 9.3957000970840454e-01 1 0 0 0 0
P 10014 331 -1.9758337736129761e-01 7.4106866121292114e-01 -5.5882911682128906e+00 5.7213925617038788e+00 9.5766001939773560e-01 2 0 0 -10 0
P 10015 213 1.7165407538414001e-02 1.5989068895578384e-02 6.9273428916931152e+00 6.9697033979334986e+00 7.6690000295639038e-01 2 0 0 -11 0
P 10016 113 2.3051576316356659e-01 -1.7044696211814880e-01 3.4857004880905151e-02 8.2097314165064827e-01 7.6849997043609619e-01 2 0 0 -12 0
P 10017 213 3.9879694581031799e-01 -1.0058020353317261e+00 -9.8945367336273193e-01 1.6546392127985472e+00 7.6690000295639038e-01 2 0 0 -13 0
P 10018 221 3.7220385670661926e-01 -2.5747293233871460e-01 1.0794743895530701e-02 7.1069274995060761e-01 5.4785001277923584e-01 2 0 0 -14 0
P 10019 223 -1.2232782319188118e-02 -1.3009643554687500e-01 1.0691503286361694e+00 1.3314271146684173e+00 7.8264999389648438e-01 2 0 0 -15 0
P 10020 -211 -4.1891020536422729e-01 3.5009261965751648e-01 -5.5724972486495972e-01 7.9250087863763963e-01 1.3956999778747559e-01 1 0 0 0 0
P 10021 -211 -1.8744458258152008e-01 -8.2187369465827942e-02 -4.8068114556372166e-03 2.4777636077244899e-01 1.3956999778747559e-01 1 0 0 0 0
P 10022 211 1.6822870075702667e-01 5.8602869510650635e-01 1.8350930511951447e-01 6.5183278269390132e-01 1.3956999778747559e-01 1 0 0 0 0
P 10023 111 -4.6942692250013351e-02 -3.4494909644126892e-01 -2.2002429962158203e+00 2.2316988231576835e+00 1.3496999442577362e-01 2 0 0 -16 0
P 10024 -213 -2.8925710916519165e-01 -1.0773905552923679e-02 -2.0189696550369263e-01 8.4420598875960229e-01 7.6690000295639038e-01 2 0 0 -17 0
P 10025 213 3.5541570186614990e-01 -1.4811834692955017e-01 -4.7915840148925781e+00 4.8678200821454709e+00 7.6690000295639038e-01 2 0 0 -18 0
P 10026 213 -1.0943919420242310e+00 -4.7156918048858643e-01 1.1525920867919922e+01 1.1612711082380406e+01 7.6690000295639038e-01 2 0 0 -19 0
P 10027 331 9.6222728490829468e-01 -1.2348966673016548e-02 8.2529554367065430e+00 8.3638758956489081e+00 9.5766001939773560e-01 2 0 0 -20 0
P 10028 -211 -1.4742591977119446e-01 5.0640290975570679e-01 5.7262480258941650e-01 7.9092177720201462e-01 1.3956999778747559e-01 1 0 0 0 0
P 10029 211 2.7210170030593872e-01 5.1641490310430527e-02 4.4945675134658813e-01 5.4607447701233014e-01 1.3956999778747559e-01 1 0 0 0 0
P 10030 -211 5.6606505066156387e-02 4.3547645211219788e-02 1.6968082636594772e-03 1.5679080731958309e-01 1.3956999778747559e-01 1 0 0 0 0
P 10031 111 4.3517470359802246e-02 -2.6338481903076172e-01 4.1181567311286926e-01 5.0899349813045969e-01 1.3496999442577362e-01 2 0 0 -21 0
P 10032 211 2.5563696026802063e-01 2.7335914969444275e-01 1.5450236797332764e+00 1.5958237482239985e+00 1.3956999778747559e-01 1 0 0 0 0
P 10033 -211 -2.8188192844390869e-01 5.2873104810714722e-01 -2.9658281803131104e-01 6.8297517894102777e-01 1.3956999778747559e-01 1 0 0 0 0
P 10034 221 -2.1499717235565186e-01 -5.9684282541275024e-01 -1.4572623252868652e+01 1.4596709672008894e+01 5.4785001277923584e-01 2 0 0 -22 0
P 10035 2212 1.7586204409599304e-01 5.7715304195880890e-02 -4.7527046203613281e+01 4.7536667214868395e+01 9.3826997280120850e-01 1 0 0 0 0
P 10036 2112 -1.2153311073780060e-01 -9.9040724337100983e-02 4.3147993087768555e+00 4.4186948571096769e+00 9.3957000970840454e-01 1 0 0 0 0
P 10037 211 1.1452545411884785e-02 -1.0899776965379715e-01 1.8885845318436623e-02 1.7846045506414401e-01 1.3956999778747559e-01 1 0 0 0 0
P 10038 -211 -1.4739854261279106e-02 3.0747431516647339e-01 1.0386026382446289e+01 1.0391524504082328e+01 1.3956999778747559e-01 1 0 0 0 0
P 10039 211 3.1979161500930786e-01 -4.2260578274726868e-01 1.6028906106948853e+00 1.6939894978357779e+00 1.3956999778747559e-01 1 0 0 0 0
P 10040 -211 -1.9425569474697113e-01 5.4460275173187256e-01 2.5343756675720215e+00 2.6032416792912412e+00 1.3956999778747559e-01 1 0 0 0 0
P 10041 331 -5.3339534997940063e-01 -8.1222587823867798e-01 -4.9245948791503906e+00 5.1100850201505805e+00 9.5766001939773560e-01 2 0 0 -23 0
P 10042 221 5.9609180688858032e-01 3.3849534392356873e-01 -2.1155188083648682e+00 2.2902977983540369e+00 5.4785001277923584e-01 2 0 0 -24 0
P 10043 211 -9.0666927397251129e-02 1.3504600524902344e-01 5.8272015303373337e-02 2.2211106975405387e-01 1.3956999778747559e-01 1 0 0 0 0
V -2 0 0 0 0 0 0 2 0
P 10044 22 -1.3279573619365692e-01 -1.0545788705348969e-01 6.1778960227966309e+00 6.1802229200878696e+00 0 1 0 0 0 0
P 10045 22 -1.1885489523410797e-01 -3.3394265174865723e-01 1.2950587272644043e+01 1.2955437271167188e+01 0 1 0 0 0 0
V -3 0 0 0 0 0 0 3 0
P 10046 211 4.1120152920484543e-02 -9.8680399358272552e-02 1.7210952043533325e+00 1.7300512202932896e+00 1.3957017660140991e-01 1 0 0 0 0
P 10047 -211 2.4495777487754822e-01 4.0770834684371948e-01 7.2074565887451172e+00 7.2244820382087562e+00 1.3957017660140991e-01 1 0 0 0 0
P 10048 111 -3.4427333623170853e-02 1.3037249445915222e-01 1.0275845527648926e+00 1.0451463644215295e+00 1.3497659564018250e-01 2 0 0 -25 0
V -4 0 0 0 0 0 0 2 0
P 10049 211 -7.6781339943408966e-02 2.7552977204322815e-01 1.6563470363616943e+00 1.6866467823781053e+00 1.3957017660140991e-01 1 0 0 0 0
P 10050 -211 3.6415022611618042e-01 -1.3075232505798340e-02 7.4963245391845703e+00 7.5064730586249926e+00 1.3957017660140991e-01 1 0 0 0 0
V -5 0 0 0 0 0 0 2 0
P 10051 321 6.8830895423889160e-01 -9.7864963114261627e-02 -2.3090076446533203e+00 2.4614182987214748e+00 4.9367699027061462e-01 1 0 0 0 0
P 10052 111 8.6047041416168213e-01 -7.9234004020690918e-02 -1.2577737569808960e+00 1.5319598121886810e+00 1.3497659564018250e-01 2 0 0 -26 0
V -6 0 0 0 0 0 0 2 0
P 10053 -311 3.7883597612380981e-01 -6.3871622085571289e-01 1.8437966108322144e+00 2.0490818610932595e+00 4.9766999483108521e-01 2 0 0 -27 0
P 10054 -211 6.6713124513626099e-02 7.4774026870727539e-03 1.2936383485794067e+00 1.3028762656695834e+00 1.3957017660140991e-01 1 0 0 0 0
V -7 0 0 0 0 0 0 2 0
P 10055 -321 -1.1851320266723633e+00 1.0660213232040405e-01 -5.9491884708404541e-01 1.4189951869538748e+00 4.9367699027061462e-01 1 0 0 0 0
P 10056 111 -3.7597340345382690e-01 5.6085735559463501e-03 -6.7706567049026489e-01 7.8614506277724083e-01 1.3497659564018250e-01 2 0 0 -28 0
V -8 0 0 0 0 0 0 2 0
P 10057 22 -4.3360373377799988e-01 -3.3704154193401337e-02 -2.4927853047847748e-01 5.0128629914812595e-01 0 1 0 0 0 0
P 10058 22 8.6760058999061584e-02 1.9010926783084869e-01 5.0468295812606812e-03 2.0903184456327292e-01 0 1 0 0 0 0
V -9 0 0 0 0 0 0 1 0
P 10059 310 2.0003402233123779e-01 5.2187252044677734e-01 2.4366734027862549e+00 2.5489914720093467e+00 4.9761000275611877e-01 1 0 0 0 0
V -10 0 0 0 0 0 0 3 0
P 10060 221 -1.1937487125396729e-01 5.3902333974838257e-01 -3.4843466281890869e+00 3.5700995571558916e+00 5.4785299301147461e-01 2 0 0 -29 0
P 10061 111 8.7208606302738190e-02 1.6794428229331970e-01 -1.1234711408615112e+00 1.1472648816587925e+00 1.3497659564018250e-01 2 0 0 -30 0
P 10062 111 -1.6541711986064911e-01 3.4101098775863647e-02 -9.8047333955764771e-01 1.0040280670552260e+00 1.3497659564018250e-01 2 0 0 -31 0
V -11 0 0 0 0 0 0 2 0
P 10063 211 3.0434861779212952e-01 2.0216184854507446e-01 4.0762357711791992e+00 4.0949573124266596e+00 1.3957017660140991e-01 1 0 0 0 0
P 10064 111 -2.8718322515487671e-01 -1.8617278337478638e-01 2.8511061668395996e+00 2.8747451306231095e+00 1.3497659564018250e-01 2 0 0 -32 0
V -12 0 0 0 0 0 0 2 0
P 10065 211 -1.1995483189821243e-01 1.1142468452453613e-01 -2.0088617503643036e-01 2.9434624430156553e-01 1.3957017660140991e-01 1 0 0 0 0
P 10066 -211 3.5047060251235962e-01 -2.8187164664268494e-01 2.3574317991733551e-01 5.2662695476069299e-01 1.3957017660140991e-01 1 0 0 0 0
V -13 0 0 0 0 0 0 2 0
P 10067 211 -1.9518889486789703e-01 -3.0479723215103149e-01 -3.8521590828895569e-01 5.4669112632465022e-01 1.3957017660140991e-01 1 0 0 0 0
P 10068 111 5.9398579597473145e-01 -7.0100474357604980e-01 -6.0423767566680908e-01 1.1079479348785755e+00 1.3497659564018250e-01 2 0 0 -33 0
V -14 0 0 0 0 0 0 3 0
P 10069 211 5.4556421935558319e-02 -6.5775491297245026e-02 1.6959685087203979e-01 2.3568144698313925e-01 1.3957017660140991e-01 1 0 0 0 0
P 10070 -211 2.4450325965881348e-01 -1.0835589468479156e-01 -1.9401173293590546e-01 3.5866869198477397e-01 1.3957017660140991e-01 1 0 0 0 0
P 10071 22 7.3144175112247467e-02 -8.3341546356678009e-02 3.5209629684686661e-02 1.1634260494120888e-01 0 1 0 0 0 0
V -15 0 0 0 0 0 0 3 0
P 10072 211 -7.2269037365913391e-02 -2.2468227148056030e-01 2.8435438871383667e-01 3.9502175820684671e-01 1.3957017660140991e-01 1 0 0 0 0
P 10073 -211 -9.9725656211376190e-02 8.9567136019468307e-03 6.7854836583137512e-02 1.8468768846246883e-01 1.3957017660140991e-01 1 0 0 0 0
P 10074 111 1.5976190567016602e-01 8.5629135370254517e-02 7.1694123744964600e-01 7.5171778923613575e-01 1.3497659564018250e-01 2 0 0 -34 0
V -16 0 0 0 0 0 0 2 0
P 10075 22 -2.6199102401733398e-02 -1.4557047188282013e-01 -1.3532184362411499e+00 1.3612778156694492e+00 0 1 0 0 0 0
P 10076 22 -2.0743587985634804e-02 -1.9937857985496521e-01 -8.4702461957931519e-01 8.7042105944248849e-01 0 1 0 0 0 0
V -17 0 0 0 0 0 0 2 0
P 10077 -211 -1.7188730835914612e-01 2.5417765974998474e-01 -3.5518112778663635e-01 4.8967846309927382e-01 1.3957017660140991e-01 1 0 0 0 0
P 10078 111 -1.1736980080604553e-01 -2.6495158672332764e-01 1.5328416228294373e-01 3.5452747316090605e-01 1.3497659564018250e-01 2 0 0 -35 0
V -18 0 0 0 0 0 0 2 0
P 10079 211 4.2759522795677185e-01 3.2492436468601227e-02 -4.2847738265991211e+00 4.3084405550853893e+00 1.3957017660140991e-01 1 0 0 0 0
P 10080 111 -7.2179555892944336e-02 -1.8061077594757080e-01 -5.0680947303771973e-01 5.5937881977124482e-01 1.3497659564018250e-01 2 0 0 -36 0
V -19 0 0 0 0 0 0 2 0
P 10081 211 -4.4705492258071899e-01 -5.5133461952209473e-01 4.8509778976440430e+00 4.9046196961757182e+00 1.3957017660140991e-01 1 0 0 0 0
P 10082 111 -6.4733695983886719e-01 7.9765439033508301e-02 6.6749420166015625e+00 6.7080904340356939e+00 1.3497659564018250e-01 2 0 0 -37 0
V -20 0 0 0 0 0 0 3 0
P 10083 221 4.8680657148361206e-01 5.3165350109338760e-03 5.3334455490112305e+00 5.3835669615788646e+00 5.4785299301147461e-01 2 0 0 -38 0
P 10084 111 4.1824985295534134e-02 -6.8234009668231010e-03 5.7035464048385620e-01 5.8763848196642798e-01 1.3497659564018250e-01 2 0 0 -39 0
P 10085 111 4.3359580636024475e-01 -1.0842103511095047e-02 2.3491563796997070e+00 2.3926715721461194e+00 1.3497659564018250e-01 2 0 0 -40 0
V -21 0 0 0 0 0 0 2 0
P 10086 22 3.5514209419488907e-02 -1.5746437013149261e-02 1.2026170641183853e-01 1.2638072391938432e-01 0 1 0 0 0 0
P 10087 22 8.0032572150230408e-03 -2.4763834476470947e-01 2.9155394434928894e-01 3.8261273422284731e-01 0 1 0 0 0 0
V -22 0 0 0 0 0 0 2 0
P 10088 22 8.3563826978206635e-02 -4.1465394198894501e-02 -4.2841348052024841e-01 4.3845228062673663e-01 0 1 0 0 0 0
P 10089 22 -2.9856097698211670e-01 -5.5537736415863037e-01 -1.4144209861755371e+01 1.4158257494726326e+01 0 1 0 0 0 0
V -23 0 0 0 0 0 0 2 0
P 10090 113 -3.0448177456855774e-01 -7.0651447772979736e-01 -3.6149978637695312e+00 3.7764356384879814e+00 7.7548998594284058e-01 2 0 0 -41 0
P 10091 22 -2.2891353070735931e-01 -1.0571134090423584e-01 -1.3095971345901489e+00 1.3336494843336495e+00 0 1 0 0 0 0
V -24 0 0 0 0 0 0 2 0
P 10092 22 6.8646937608718872e-01 2.1162408590316772e-01 -1.6559412479400635e+00 1.8050391615333947e+00 0 1 0 0 0 0
P 10093 22 -9.0377584099769592e-02 1.2687125802040100e-01 -4.5957744121551514e-01 4.8525853757928911e-01 0 1 0 0 0 0
V -25 0 -1.5893443787717842e-06 6.0186707742104772e-06 4.7438636102015153e-05 4.8249381507048383e-05 0 3 0
P 10094 22 4.0433626621961594e-02 6.7845933139324188e-02 2.8519284725189209e-01 2.9592720207677919e-01 0 1 0 0 0 0
P 10095 11 -5.7574339210987091e-02 3.2484121620655060e-02 4.6777409315109253e-01 4.7242235979707281e-01 5.1099888514727354e-04 1 0 0 0 0
P 10096 -11 -1.7286621034145355e-02 3.0042434111237526e-02 2.7461755275726318e-01 2.7679674224303119e-01 5.1099888514727354e-04 1 0 0 0 0
V -26 0 8.4259936556918547e-06 -7.7588407521034242e-07 -1.2316511856624857e-05 1.5001427527749911e-05 0 2 0
P 10097 22 8.6041611433029175e-01 -7.9402767121791840e-02 -1.2244313955307007e+00 1.4986170063051780e+00 0 1 0 0 0 0
P 10098 22 5.4378062486648560e-05 1.6875145956873894e-04 -3.3342458307743073e-02 3.3342929685802526e-02 0 1 0 0 0 0
V -27 0 1.0640244241244545e-10 -1.7939416618872883e-10 5.1786119836805256e-10 5.7551519105913940e-10 0 1 0
P 10099 130 3.7883597612380981e-01 -6.3871622085571289e-01 1.8437966108322144e+00 2.0490682611829638e+00 4.9761399626731873e-01 1 0 0 0 0
V -28 0 -4.7391175030497834e-05 7.0695659815100953e-07 -8.5343628597911447e-05 9.9093005701433867e-05 0 2 0
P 10100 22 -1.1827212572097778e-01 -6.1304539442062378e-02 -2.3135051131248474e-01 2.6696367049340308e-01 0 1 0 0 0 0
P 10101 22 -2.5770127773284912e-01 6.6913112998008728e-02 -4.4571515917778015e-01 5.1918139061131729e-01 0 1 0 0 0 0
V -29 0 -3.8654661693726666e-08 1.7454063083732763e-07 -1.1282628520348226e-06 1.1560305210878141e-06 0 3 0
P 10102 211 -7.9406172037124634e-02 3.7193626165390015e-01 -1.3425774574279785e+00 1.4023679924616763e+00 1.3957017660140991e-01 1 0 0 0 0
P 10103 -211 -5.1073770970106125e-02 5.4329141974449158e-02 -1.0004415512084961e+00 1.0128787278493894e+00 1.3957017660140991e-01 1 0 0 0 0
P 10104 111 1.1105060577392578e-02 1.1275797337293625e-01 -1.1413278579711914e+00 1.1548530831587716e+00 1.3497659564018250e-01 2 0 0 -42 0
V -30 0 1.8062656863548909e-06 3.4784638955898117e-06 -2.3269349185284227e-05 2.3762164346408099e-05 0 2 0
P 10105 22 1.2169007956981659e-01 1.1250787973403931e-01 -7.4576282501220703e-01 7.6395594744601936e-01 0 1 0 0 0 0
P 10106 22 -3.4481473267078400e-02 5.5436398833990097e-02 -3.7770843505859375e-01 3.8330905054376341e-01 0 1 0 0 0 0
V -31 0 -4.6761929297645111e-06 9.6400731308676768e-07 -2.7717100238078274e-05 2.8382970413076691e-05 0 2 0
P 10107 22 -5.0806641578674316e-02 -1.7659205943346024e-02 -6.1844843626022339e-01 6.2078307861584703e-01 0 1 0 0 0 0
P 10108 22 -1.1461048573255539e-01 5.1760304719209671e-02 -3.6202493309974670e-01 3.8324501923750265e-01 0 1 0 0 0 0
V -32 0 -1.1069831089116633e-05 -7.1762588049750775e-06 1.0989939619321376e-04 1.1081059346906841e-04 0 2 0
P 10109 22 -4.8951409757137299e-02 -8.1960909068584442e-02 1.1404925584793091e+00 1.1444811519108735e+00 0 1 0 0 0 0
P 10110 22 -2.3823183774948120e-01 -1.0421187430620193e-01 1.7106136083602905e+00 1.7302639799670223e+00 0 1 0 0 0 0
V -33 0 9.0698682470247149e-05 -1.0703993757488206e-04 -9.2264090199023485e-05 1.6917813627514988e-04 0 2 0
P 10111 22 1.0227385908365250e-01 -2.0035205781459808e-01 -1.7850014567375183e-01 2.8716404950473429e-01 0 1 0 0 0 0
P 10112 22 4.9171191453933716e-01 -5.0065273046493530e-01 -4.2573747038841248e-01 8.2078386747953325e-01 0 1 0 0 0 0
V -34 0 1.4490093747099309e-07 7.7663962372298556e-08 6.5025182038880303e-07 6.8179343770680134e-07 0 2 0
P 10113 22 1.1787372827529907e-01 1.1745218932628632e-01 6.1353266239166260e-01 6.3569769577721347e-01 0 1 0 0 0 0
P 10114 22 4.1888169944286346e-02 -3.1823057681322098e-02 1.0340848565101624e-01 1.1602000123300550e-01 0 1 0 0 0 0
V -35 0 -2.4130922611220740e-05 -5.4473344789585099e-05 3.1514817237621173e-05 7.2889903094619513e-05 0 2 0
P 10115 22 2.7346003800630569e-02 -7.2018496692180634e-02 5.2021395415067673e-02 9.2955329974114764e-02 0 1 0 0 0 0
P 10116 22 -1.4471580088138580e-01 -1.9293309748172760e-01 1.0126276314258575e-01 2.6157215128508260e-01 0 1 0 0 0 0
V -36 0 -1.0843976951946388e-06 -2.7134265110362321e-06 -7.6141095632920042e-06 8.4038911154493690e-06 0 2 0
P 10117 22 -6.9485664367675781e-02 -1.8370144069194794e-01 -5.1447296142578125e-01 5.5068766547211490e-01 0 1 0 0 0 0
P 10118 22 -2.6938952505588531e-03 3.0906628817319870e-03 7.6634213328361511e-03 8.6912194307857422e-03 0 1 0 0 0 0
V -37 0 -1.2012536171823740e-04 1.4801955330767669e-05 1.2386590242385864e-03 1.2448104098439217e-03 0 2 0
P 10119 22 -3.5126146674156189e-01 1.0786081850528717e-01 3.4878056049346924e+00 3.5071079983370801e+00 0 1 0 0 0 0
P 10120 22 -2.9607549309730530e-01 -2.8095379471778870e-02 3.1871361732482910e+00 3.2009821984491316e+00 0 1 0 0 0 0
V -38 0 1.4195282460605085e-07 1.5503019978879706e-09 1.5552329841739265e-06 1.5698483366577420e-06 0 3 0
P 10121 211 5.4373472929000854e-02 7.8742757439613342e-02 8.8626956939697266e-01 9.0228071033531387e-01 1.3957017660140991e-01 1 0 0 0 0
P 10122 -211 2.6208946108818054e-01 3.8574181497097015e-02 2.8184106349945068e+00 2.8342718985196802e+00 1.3957017660140991e-01 1 0 0 0 0
P 10123 111 1.7034365236759186e-01 -1.1200040578842163e-01 1.6287653446197510e+00 1.6470143533083164e+00 1.3497659564018250e-01 2 0 0 -43 0
V -39 0 2.8098434086132329e-06 -4.5840278062314610e-07 3.8316982681863010e-05 3.9478130929637700e-05 0 2 0
P 10124 22 -3.6590546369552612e-03 -5.9267316013574600e-02 3.8799107074737549e-01 3.9250869341708094e-01 0 1 0 0 0 0
P 10125 22 4.5484039932489395e-02 5.2443914115428925e-02 1.8236353993415833e-01 1.9512975865726923e-01 0 1 0 0 0 0
V -40 0 1.3341515341380727e-06 -3.3360585405262100e-08 7.2282305154658388e-06 7.3621249612187967e-06 0 2 0
P 10126 22 4.3685486912727356e-01 -1.8058709800243378e-02 2.1845583915710449e+00 2.2278832240185586e+00 0 1 0 0 0 0
P 10127 22 -3.2590888440608978e-03 7.2166053578257561e-03 1.6459789872169495e-01 1.6478825600321592e-01 0 1 0 0 0 0
V -41 0 -2.5423014930227306e-13 -5.8991142049338863e-13 -3.0183787327192624e-12 3.1531732520156952e-12 0 2 0
P 10128 211 2.0097234845161438e-01 -1.2738984823226929e-01 -5.7637965679168701e-01 6.3899248918484897e-01 1.3957017660140991e-01 1 0 0 0 0
P 10129 -211 -5.0545412302017212e-01 -5.7912456989288330e-01 -3.0386185646057129e+00 3.1374435059925365e+00 1.3957017660140991e-01 1 0 0 0 0
V -42 0 2.0088314158783760e-06 2.0964196664863266e-05 -2.1155961439944804e-04 2.1408106840681285e-04 0 2 0
P 10130 22 -4.7942180186510086e-02 7.5973443686962128e-02 -3.8543999195098877e-01 3.9577064593255279e-01 0 1 0 0 0 0
P 10131 22 5.9047244489192963e-02 3.6784525960683823e-02 -7.5588792562484741e-01 7.5908249521205118e-01 0 1 0 0 0 0
V -43 0 4.1561681427992880e-05 -2.7231788408244029e-05 3.9759592618793249e-04 4.0204788092523813e-04 0 2 0
P 10132 22 1.6550379991531372e-01 -9.3846604228019714e-02 9.9826097488403320e-01 1.0162301249657772e+00 0 1 0 0 0 0
P 10133 22 4.8398636281490326e-03 -1.8153809010982513e-02 6.3050431013107300e-01 6.3078417081867755e-01 0 1 0 0 0 0
E 1 -1 -1.0000000000000000e+00 -1.0000000000000000e+00 -1.0000000000000000e+00 101 -1 22 10001 10002 0 0
U GEV MM
C 4.1841217041015625e+10 0.0000000000000000e+00
H -1 1 1 -1 0 0 0 0 0 0 0 0 4.1841217536000000e+10
F 0 0 0 0 0 0 0 0 0
V -1 0 0 0 0 0 2 27 0
P 10001 2212 0 0 1.0000001525878906e+02 1.0000441700790465e+02 9.3827998638153076e-01 4 0 0 -1 0
P 10002 2212 0 0 -1.0000001525878906e+02 1.0000441700790465e+02 9.3827998638153076e-01 4 0 0 -1 0
P 10003 321 -7.1799343824386597e-01 1.0446479171514511e-01 -1.8294889926910400e+00 2.0290828931190394e+00 4.9368000030517578e-01 1 0 0 0 0
P 10004 -313 -4.3862810730934143e-01 -3.8928579539060593e-02 -1.1727328300476074e+00 1.5401390817256480e+00 8.9600002765655518e-01 2 0 0 -2 0
P 10005 221 -1.2482285499572754e+00 1.9334220886230469e-01 -2.2494409084320068e+00 2.6373433147176382e+00 5.4785001277923584e-01 2 0 0 -3 0
P 10006 2112 -3.6836153268814087e-01 7.7262297272682190e-02 -2.7318010330200195e+00 2.9132779421979129e+00 9.3957000970840454e-01 1 0 0 0 0
P 10007 -2212 4.5328348875045776e-01 -3.1841608881950378e-01 -2.4018089771270752e+00 2.6374024401409590e+00 9.3826997280120850e-01 1 0 0 0 0
P 10008 2212 2.8018426895141602e+00 2.8928303718566895e-01 -1.5572305679321289e+01 1.5852793502864715e+01 9.3826997280120850e-01 1 0 0 0 0
P 10009 331 -1.4667624235153198e-01 2.1637326478958130e-01 2.7968337535858154e+00 2.9677808321599257e+00 9.5766001939773560e-01 2 0 0 -4 0
P 10010 -211 -2.4614205956459045e-01 -1.3132475316524506e-01 2.3290679454803467e+00 2.3498658223879612e+00 1.3956999778747559e-01 1 0 0 0 0
P 10011 211 -4.8534113913774490e-02 4.9544608592987061e-01 9.8135018348693848e-01 1.1092115899091877e+00 1.3956999778747559e-01 1 0 0 0 0
P 10012 2112 -1.2690268456935883e-01 -2.4418662488460541e-01 1.2689523696899414e+00 1.6027361975099377e+00 9.3957000970840454e-01 1 0 0 0 0
P 10013 -3212 1.2349394708871841e-01 -4.2485304176807404e-02 -5.1150941848754883e-01 1.3042575222214536e+00 1.1926399469375610e+00 2 0 0 -5 0
P 10014 -321 -2.8289672732353210e-01 -3.0544984340667725e-01 -5.4421315193176270e+00 5.4803143688495854e+00 4.9368000030517578e-01 1 0 0 0 0
P 10015 111 2.3596678674221039e-01 3.9421841502189636e-02 -5.6533938646316528e-01 6.2853792830242872e-01 1.3496999442577362e-01 2 0 0 -6 0
P 10016 2224 -1.6536635160446167e-01 -1.9323758780956268e-01 7.2683731079101562e+01 7.2694599601643418e+01 1.2309999465942383e+00 2 0 0 -7 0
P 10017 113 -1.8730801343917847e-01 6.1204310506582260e-02 8.2255191802978516e+00 8.2636909580121181e+00 7.6849997043609619e-01 2 0 0 -8 0
P 10018 -211 4.2823153734207153e-01 -2.9292792081832886e-01 5.3332095146179199e+00 5.3602045229135431e+00 1.3956999778747559e-01 1 0 0 0 0
P 10019 211 -1.3819503784179688e-01 1.1425501108169556e+00 8.9718902111053467e-01 1.4659285617299394e+00 1.3956999778747559e-01 1 0 0 0 0
P 10020 111 3.2122775912284851e-01 -9.1298377513885498e-01 6.9157212972640991e-01 1.1971698112245805e+00 1.3496999442577362e-01 2 0 0 -9 0
P 10021 111 -4.9862816929817200e-01 -5.8411210775375366e-01 1.9632180929183960e+00 2.1124060181223721e+00 1.3496999442577362e-01 2 0 0 -10 0
P 10022 -211 3.5438236594200134e-01 2.2003175318241119e-01 -6.4769886434078217e-02 4.4460741803332005e-01 1.3956999778747559e-01 1 0 0 0 0
P 10023 211 -2.3964528739452362e-01 8.0295342206954956e-01 -3.7057080268859863e+00 3.8018305888865207e+00 1.3956999778747559e-01 1 0 0 0 0
P 10024 -3212 -1.2988946437835693e+00 -4.6680960059165955e-01 -4.5267701148986816e+00 4.8804790968741214e+00 1.1926399469375610e+00 2 0 0 -11 0
P 10025 3122 1.0792340040206909e+00 9.7232952713966370e-02 -5.9752969741821289e+00 6.1743919561737641e+00 1.1156799793243408e+00 1 0 0 0 0
P 10026 223 4.1385993361473083e-01 4.7796215862035751e-02 -1.5181159019470215e+01 1.5207027806586346e+01 7.8264999389648438e-01 2 0 0 -12 0
P 10027 -321 -7.7964730560779572e-02 -2.0182865858078003e-01 -2.3477141857147217e+00 2.4087953726174809e+00 4.9368000030517578e-01 1 0 0 0 0
P 10028 323 -7.7108934521675110e-02 -4.4525980949401855e-01 -3.0398660659790039e+01 3.0415092133773157e+01 8.9165997505187988e-01 2 0 0 -13 0
P 10029 111 9.5952279865741730e-02 3.9058828353881836e-01 -2.4940073490142822e+00 2.5298331177336135e+00 1.3496999442577362e-01 2 0 0 -14 0
V -2 0 0 0 0 0 0 2 0
P 10030 -321 -1.5346550941467285e-01 -2.8637751936912537e-01 -6.2219601869583130e-01 8.5814253045954703e-01 4.9367699027061462e-01 1 0 0 0 0
P 10031 211 -2.8516259789466858e-01 2.4744893610477448e-01 -5.5053681135177612e-01 6.8199655282658955e-01 1.3957017660140991e-01 1 0 0 0 0
V -3 0 0 0 0 0 0 3 0
P 10032 111 -5.7137298583984375e-01 -5.9169508516788483e-02 -8.6405563354492188e-01 1.0463168444199809e+00 1.3497659564018250e-01 2 0 0 -15 0
P 10033 111 -4.0688133239746094e-01 1.1474566906690598e-01 -8.9445042610168457e-01 9.9848847431867904e-01 1.3497659564018250e-01 2 0 0 -16 0
P 10034 111 -2.6997438073158264e-01 1.3776606321334839e-01 -4.9093478918075562e-01 5.9253801820918806e-01 1.3497659564018250e-01 2 0 0 -17 0
V -4 0 0 0 0 0 0 3 0
P 10035 221 1.0221952199935913e-01 1.8472155928611755e-01 2.0287151336669922e+00 2.1119656438171490e+00 5.4785299301147461e-01 2 0 0 -18 0
P 10036 111 -1.0516016930341721e-01 -1.6600266098976135e-03 2.7759605646133423e-01 3.2609763695826827e-01 1.3497659564018250e-01 2 0 0 -19 0
P 10037 111 -1.4373558759689331e-01 3.3311717212200165e-02 4.9052253365516663e-01 5.2971749738851104e-01 1.3497659564018250e-01 2 0 0 -20 0
V -5 0 0 0 0 0 0 2 0
P 10038 -3122 1.7810766398906708e-01 -7.9676046967506409e-02 -4.9600893259048462e-01 1.2363894253375345e+00 1.1155999898910522e+00 1 0 0 0 0
P 10039 22 -5.4613724350929260e-02 3.7190746515989304e-02 -1.5500511974096298e-02 6.7868080754909799e-02 0 1 0 0 0 0
V -6 0 0 0 0 0 0 2 0
P 10040 22 9.9401697516441345e-02 1.0428459383547306e-02 -3.9923509955406189e-01 4.1155572520644895e-01 0 1 0 0 0 0
P 10041 22 1.3656510412693024e-01 2.8993381187319756e-02 -1.6610427200794220e-01 2.1698219511554623e-01 0 1 0 0 0 0
V -7 0 0 0 0 0 0 2 0
P 10042 2212 -2.7164405584335327e-01 -1.9723919034004211e-01 4.8525760650634766e+01 4.8535991901338726e+01 9.3827998638153076e-01 1 0 0 0 0
P 10043 211 1.0627771914005280e-01 4.0016174316406250e-03 2.4157966613769531e+01 2.4158603885835944e+01 1.3957017660140991e-01 1 0 0 0 0
V -8 0 0 0 0 0 0 2 0
P 10044 211 -3.1567806005477905e-01 -2.4750106036663055e-01 3.9139361381530762e+00 3.9369131740768326e+00 1.3957017660140991e-01 1 0 0 0 0
P 10045 -211 1.2837004661560059e-01 3.0870535969734192e-01 4.3115825653076172e+00 4.3267773133863869e+00 1.3957017660140991e-01 1 0 0 0 0
V -9 0 0 0 0 0 0 2 0
P 10046 22 1.8013314902782440e-01 -5.2677261829376221e-01 3.1526452302932739e-01 6.3978829486296118e-01 0 1 0 0 0 0
P 10047 22 1.4109462499618530e-01 -3.8621121644973755e-01 3.7630760669708252e-01 5.5738156748540435e-01 0 1 0 0 0 0
V -10 0 0 0 0 0 0 2 0
P 10048 22 -5.7148791849613190e-02 -1.5314508229494095e-02 1.2875644862651825e-01 1.4169947648137199e-01 0 1 0 0 0 0
P 10049 22 -4.4147938489913940e-01 -5.6879764795303345e-01 1.8344615697860718e+00 1.9707064881990428e+00 0 1 0 0 0 0
V -11 0 0 0 0 0 0 2 0
P 10050 -3122 -1.2101069688796997e+00 -3.8005194067955017e-01 -4.0576338768005371e+00 4.3951967384122614e+00 1.1155999898910522e+00 1 0 0 0 0
P 10051 22 -8.8787660002708435e-02 -8.6757712066173553e-02 -4.6913626790046692e-01 4.8528237865318402e-01 0 1 0 0 0 0
V -12 0 0 0 0 0 0 3 0
P 10052 211 1.9232319295406342e-01 1.6834190487861633e-01 -8.4621524810791016e+00 8.4671619598727386e+00 1.3957017660140991e-01 1 0 0 0 0
P 10053 -211 -9.4084396958351135e-02 -3.7896569818258286e-02 -1.8240392208099365e+00 1.8321809236547781e+00 1.3957017660140991e-01 1 0 0 0 0
P 10054 111 3.1562116742134094e-01 -8.2649096846580505e-02 -4.8949680328369141e+00 4.9076856376911371e+00 1.3497659564018250e-01 2 0 0 -21 0
V -13 0 0 0 0 0 0 2 0
P 10055 311 -5.1555003970861435e-02 -1.5495373308658600e-01 -2.5699127197265625e+01 2.5704464256288727e+01 4.9766999483108521e-01 2 0 0 -22 0
P 10056 211 -2.5553934276103973e-02 -2.9030609130859375e-01 -4.6995344161987305e+00 4.7106299147184929e+00 1.3957017660140991e-01 1 0 0 0 0
V -14 0 0 0 0 0 0 2 0
P 10057 22 8.2185957580804825e-05 -1.1109968647360802e-02 -5.5286262184381485e-02 5.6391568023926530e-02 0 1 0 0 0 0
P 10058 22 9.5870099961757660e-02 4.0169823169708252e-01 -2.4387209415435791e+00 2.4734414034171985e+00 0 1 0 0 0 0
V -15 0 -4.2222367483191192e-05 -4.3724094211938791e-06 -6.3850537117104977e-05 7.7318974945228547e-05 0 2 0
P 10059 22 -1.8450687825679779e-01 -3.3971507102251053e-02 -1.7974536120891571e-01 2.5981771743857401e-01 0 1 0 0 0 0
P 10060 22 -3.8686615228652954e-01 -2.5198001414537430e-02 -6.8431031703948975e-01 7.8649918567469490e-01 0 1 0 0 0 0
V -16 0 -7.2890317824203521e-05 2.0555989976855926e-05 -1.6023535863496363e-04 1.7887314606923610e-04 0 2 0
P 10061 22 -3.4267547726631165e-01 4.5775655657052994e-02 -6.4457631111145020e-01 7.3143729342751762e-01 0 1 0 0 0 0
P 10062 22 -6.4205810427665710e-02 6.8970017135143280e-02 -2.4987411499023438e-01 2.6705116120033662e-01 0 1 0 0 0 0
V -17 0 -1.0193226626142859e-04 5.2015333494637161e-05 -1.8535867275204509e-04 2.2372028615791351e-04 0 2 0
P 10063 22 -2.3953700065612793e-01 6.7982167005538940e-02 -4.2120212316513062e-01 4.8929620709026211e-01 0 1 0 0 0 0
P 10064 22 -3.0437372624874115e-02 6.9783896207809448e-02 -6.9732651114463806e-02 1.0324179606002255e-01 0 1 0 0 0 0
V -18 0 5.0639513915484713e-08 9.1510990785081958e-08 1.0050247283288627e-06 1.0462670161359711e-06 0 2 0
P 10065 22 2.9039466381072998e-01 -1.2334018945693970e-02 1.3431513309478760e+00 1.3742404035030227e+00 0 1 0 0 0 0
P 10066 22 -1.8817514181137085e-01 1.9705557823181152e-01 6.8556368350982666e-01 7.3772511754417369e-01 0 1 0 0 0 0
V -19 0 -4.6538938477169722e-05 -7.3464968863845570e-07 1.2285094999242574e-04 1.4431547606363893e-04 0 2 0
P 10067 22 -9.1106370091438293e-02 -2.3262640461325645e-02 7.0804663002490997e-02 1.1770650540801619e-01 0 1 0 0 0 0
P 10068 22 -1.4053795486688614e-02 2.1602613851428032e-02 2.0679140090942383e-01 2.0839113604680415e-01 0 1 0 0 0 0
V -20 0 -1.3434711036097724e-05 3.1135871267906623e-06 4.5848271838622168e-05 4.9511756515130401e-05 0 2 0
P 10069 22 8.7830126285552979e-03 -2.9609365388751030e-02 1.2372937798500061e-01 1.2752574173912137e-01 0 1 0 0 0 0
P 10070 22 -1.5251861512660980e-01 6.2921084463596344e-02 3.6679318547248840e-01 4.0219178477347001e-01 0 1 0 0 0 0
V -21 0 1.5303039981517941e-04 -4.0072802221402526e-05 -2.3733479902148247e-03 2.3795142769813538e-03 0 2 0
P 10071 22 1.7671561241149902e-01 5.3159147500991821e-04 -3.2403295040130615e+00 3.2451446785678142e+00 0 1 0 0 0 0
P 10072 22 1.3890556991100311e-01 -8.3180680871009827e-02 -1.6546386480331421e+00 1.6625410787669006e+00 0 1 0 0 0 0
V -22 0 -1.8402420212670911e-11 -5.5310322294443992e-11 -9.1732346163553302e-09 9.1751397590655870e-09 0 1 0
P 10073 130 -5.1555003970861435e-02 -1.5495373308658600e-01 -2.5699127197265625e+01 2.5704463172148738e+01 4.9761399626731873e-01 1 0 0 0 0
E 2 -1 -1.0000000000000000e+00 -1.0000000000000000e+00 -1.0000000000000000e+00 101 -1 31 10001 10002 0 0
U GEV MM
C 4.1841217041015625e+10 0.0000000000000000e+00
H -1 1 1 -1 0 0 0 0 0 0 0 0 4.1841217536000000e+10
F 0 0 0 0 0 0 0 0 0
V -1 0 0 0 0 0 2 19 0
P 10001 2212 0 0 1.0000001525878906e+02 1.0000441700790465e+02 9.3827998638153076e-01 4 0 0 -1 0
P 10002 2212 0 0 -1.0000001525878906e+02 1.0000441700790465e+02 9.3827998638153076e-01 4 0 0 -1 0
P 10003 -211 -1.4100287854671478e-01 -6.7321911454200745e-02 1.3474797010421753e+00 1.3636698209329901e+00 1.3956999778747559e-01 1 0 0 0 0
P 10004 223 -2.9984747990965843e-02 4.8598158359527588e-01 2.4394197463989258e+00 2.6077551450956857e+00 7.8264999389648438e-01 2 0 0 -2 0
P 10005 211 3.6245667934417725e-01 -7.3917144536972046e-01 1.5020711421966553e+00 1.7185595045134543e+00 1.3956999778747559e-01 1 0 0 0 0
P 10006 223 -3.6373764276504517e-02 6.4057325944304466e-03 -4.8035210371017456e-01 9.1904474353682664e-01 7.8264999389648438e-01 2 0 0 -3 0
P 10007 -213 -1.1960742622613907e-01 5.0473558902740479e-01 -6.5384107828140259e-01 1.1334494789896818e+00 7.6690000295639038e-01 2 0 0 -4 0
P 10008 113 1.5216261148452759e-01 -2.5408178567886353e-02 -2.1566262245178223e+00 2.2946520243187649e+00 7.6849997043609619e-01 2 0 0 -5 0
P 10009 223 2.4452265352010727e-02 -1.5485039353370667e-01 -2.9316968917846680e+00 3.0384147570574429e+00 7.8264999389648438e-01 2 0 0 -6 0
P 10010 221 -3.0671542882919312e-01 -4.2826354503631592e-01 -1.8738834381103516e+01 1.8754240523604743e+01 5.4785001277923584e-01 2 0 0 -7 0
P 10011 2224 1.2471429258584976e-01 3.5819494724273682e-01 -6.6436019897460938e+01 6.6448506062659874e+01 1.2309999465942383e+00 2 0 0 -8 0
P 10012 2224 -2.8877624869346619e-01 -2.3345150053501129e-02 4.8142601013183594e+01 4.8159208152760790e+01 1.2309999465942383e+00 2 0 0 -9 0
P 10013 331 6.8662023544311523e-01 -1.2770912051200867e-01 4.1740009307861328e+01 4.1756834730380191e+01 9.5766001939773560e-01 2 0 0 -10 0
P 10014 223 -5.4515117406845093e-01 5.0516706705093384e-01 1.9042412042617798e+00 2.1888488173411096e+00 7.8264999389648438e-01 2 0 0 -11 0
P 10015 221 -9.6991084516048431e-02 -5.1139765977859497e-01 6.8395751714706421e-01 1.0192508811214285e+00 5.4785001277923584e-01 2 0 0 -12 0
P 10016 113 1.7600855231285095e-01 -1.7722092568874359e-01 -4.2237514257431030e-01 9.1179999594987415e-01 7.6849997043609619e-01 2 0 0 -13 0
P 10017 331 5.2370630204677582e-02 6.7425233125686646e-01 -1.2268804013729095e-01 1.1787807077904504e+00 9.5766001939773560e-01 2 0 0 -14 0
P 10018 -211 -1.2818016111850739e-01 -3.0361163616180420e-01 -6.7051649093627930e-01 7.6005416137082737e-01 1.3956999778747559e-01 1 0 0 0 0
P 10019 211 3.0237251892685890e-02 2.3648111522197723e-01 -2.6568278670310974e-01 3.8328153711257451e-01 1.3956999778747559e-01 1 0 0 0 0
P 10020 -2212 6.3495570421218872e-01 -2.1042672917246819e-02 -2.2860052585601807e+00 2.5514274679912572e+00 9.3826997280120850e-01 1 0 0 0 0
P 10021 2112 -5.5119532346725464e-01 -1.9187580049037933e-01 -2.5951440334320068e+00 2.8210276434000416e+00 9.3957000970840454e-01 1 0 0 0 0
V -2 0 0 0 0 0 0 3 0
P 10022 211 -9.3529880046844482e-02 1.1886616051197052e-01 1.1934493780136108e+00 1.2110649258623825e+00 1.3957017660140991e-01 1 0 0 0 0
P 10023 -211 1.9416710734367371e-01 2.8999537229537964e-02 5.5067396163940430e-01 6.0105198190998588e-01 1.3957017660140991e-01 1 0 0 0 0
P 10024 111 -1.3062196969985962e-01 3.3811593055725098e-01 6.9529676437377930e-01 7.9563858213646665e-01 1.3497659564018250e-01 2 0 0 -15 0
V -3 0 0 0 0 0 0 3 0
P 10025 211 5.7736858725547791e-02 -2.2383768856525421e-01 1.6880035400390625e-04 2.7003095816561085e-01 1.3957017660140991e-01 1 0 0 0 0
P 10026 -211 6.2713526189327240e-02 1.0118174552917480e-01 -2.7243325114250183e-01 3.2843635992388592e-01 1.3957017660140991e-01 1 0 0 0 0
P 10027 111 -1.5682415664196014e-01 1.2906171381473541e-01 -2.0808771252632141e-01 3.2057747823936267e-01 1.3497659564018250e-01 2 0 0 -16 0
V -4 0 0 0 0 0 0 2 0
P 10028 -211 1.9093942642211914e-01 3.4688866138458252e-01 -6.3260763883590698e-01 7.5925085898514821e-01 1.3957017660140991e-01 1 0 0 0 0
P 10029 111 -3.1054684519767761e-01 1.5784688293933868e-01 -2.1233335137367249e-02 3.7419850000710148e-01 1.3497659564018250e-01 2 0 0 -17 0
V -5 0 0 0 0 0 0 2 0
P 10030 211 -2.5204801559448242e-01 -1.0267617553472519e-01 -1.2825204133987427e+00 1.3184874076640190e+00 1.3957017660140991e-01 1 0 0 0 0
P 10031 -211 4.0421062707901001e-01 7.7267996966838837e-02 -8.7410598993301392e-01 9.7616478641272286e-01 1.3957017660140991e-01 1 0 0 0 0
V -6 0 0 0 0 0 0 3 0
P 10032 211 1.0140687972307205e-01 -2.9931491613388062e-01 -1.2699955701828003e+00 1.3161464039976276e+00 1.3957017660140991e-01 1 0 0 0 0
P 10033 -211 8.5501402616500854e-02 1.4300754666328430e-01 -1.1189975738525391e+00 1.1399109845669784e+00 1.3957017660140991e-01 1 0 0 0 0
P 10034 111 -1.6245602071285248e-01 1.4569647610187531e-03 -5.4270392656326294e-01 5.8235754883917012e-01 1.3497659564018250e-01 2 0 0 -18 0
V -7 0 0 0 0 0 0 3 0
P 10035 111 5.0687454640865326e-03 -9.8836824297904968e-02 -2.3303415775299072e+00 2.3363443580416532e+00 1.3497659564018250e-01 2 0 0 -19 0
P 10036 111 -1.9893004000186920e-01 -1.6571629047393799e-01 -1.1276351928710938e+01 1.1280131495299914e+01 1.3497659564018250e-01 2 0 0 -20 0
P 10037 111 -1.1285413056612015e-01 -1.6371044516563416e-01 -5.1321415901184082e+00 5.1377653845846138e+00 1.3497659564018250e-01 2 0 0 -21 0
V -8 0 0 0 0 0 0 2 0
P 10038 2212 6.7887678742408752e-02 1.6563229262828827e-01 -6.0375205993652344e+01 6.0382761703172243e+01 9.3827998638153076e-01 1 0 0 0 0
P 10039 211 5.6826610118150711e-02 1.9256268441677094e-01 -6.0608158111572266e+00 6.0657462675269640e+00 1.3957017660140991e-01 1 0 0 0 0
V -9 0 0 0 0 0 0 2 0
P 10040 2212 -4.3779483437538147e-01 -1.0870350897312164e-01 3.8552974700927734e+01 3.8567028773203241e+01 9.3827998638153076e-01 1 0 0 0 0
P 10041 211 1.4901861548423767e-01 8.5358358919620514e-02 9.5896244049072266e+00 9.5921774722211595e+00 1.3957017660140991e-01 1 0 0 0 0
V -10 0 0 0 0 0 0 3 0
P 10042 221 2.6000240445137024e-01 -2.8723638504743576e-02 2.4828123092651367e+01 2.4835544397164501e+01 5.4785299301147461e-01 2 0 0 -22 0
P 10043 211 1.2550625205039978e-01 -1.3221211731433868e-01 6.4223675727844238e+00 6.4264700215139818e+00 1.3957017660140991e-01 1 0 0 0 0
P 10044 -211 3.0111157894134521e-01 3.3226639032363892e-02 1.0489519119262695e+01 1.0494820788374049e+01 1.3957017660140991e-01 1 0 0 0 0
V -11 0 0 0 0 0 0 3 0
P 10045 211 -9.1545730829238892e-02 2.1577346324920654e-01 4.0552479028701782e-01 4.8874226132952192e-01 1.3957017660140991e-01 1 0 0 0 0
P 10046 -211 -2.8893616795539856e-01 -2.3108884692192078e-02 2.8827166557312012e-01 4.3197050486499294e-01 1.3957017660140991e-01 1 0 0 0 0
P 10047 111 -1.6466930508613586e-01 3.1250250339508057e-01 1.2104448080062866e+00 1.2681360767937062e+00 1.3497659564018250e-01 2 0 0 -23 0
V -12 0 0 0 0 0 0 3 0
P 10048 111 -1.5499870479106903e-01 -2.9849657416343689e-01 2.5045034289360046e-01 4.4053247201580104e-01 1.3497659564018250e-01 2 0 0 -24 0
P 10049 111 -5.7577490806579590e-03 -4.7421142458915710e-02 2.5791016221046448e-01 2.9498855836900867e-01 1.3497659564018250e-01 2 0 0 -25 0
P 10050 111 6.3765369355678558e-02 -1.6547991335391998e-01 1.7559698224067688e-01 2.8372981090349475e-01 1.3497659564018250e-01 2 0 0 -26 0
V -13 0 0 0 0 0 0 2 0
P 10051 211 -1.9683024287223816e-01 6.4181730151176453e-02 4.3180137872695923e-02 2.5338862937708251e-01 1.3957017660140991e-01 1 0 0 0 0
P 10052 -211 3.7283879518508911e-01 -2.4140265583992004e-01 -4.6555531024932861e-01 6.5841141434480999e-01 1.3957017660140991e-01 1 0 0 0 0
V -14 0 0 0 0 0 0 3 0
P 10053 221 1.7108845710754395e-01 4.4674777984619141e-01 2.3793205618858337e-02 7.2771138340566932e-01 5.4785299301147461e-01 2 0 0 -27 0
P 10054 211 -1.1721172183752060e-01 2.0005415380001068e-01 -1.4871849119663239e-01 3.0879973447058889e-01 1.3957017660140991e-01 1 0 0 0 0
P 10055 -211 -1.5061013400554657e-03 2.7450375258922577e-02 2.2372491657733917e-03 1.4226957131966306e-01 1.3957017660140991e-01 1 0 0 0 0
V -15 0 -4.1604900616221130e-05 1.0769459186121821e-04 2.2146162518765777e-04 2.5342189474031329e-04 0 2 0
P 10056 22 -6.3771374523639679e-02 3.6512173712253571e-02 9.1073840856552124e-02 1.1702295298868801e-01 0 1 0 0 0 0
P 10057 22 -6.6850587725639343e-02 3.0160376429557800e-01 6.0422295331954956e-01 6.7861565634365117e-01 0 1 0 0 0 0
V -16 0 -5.5106022045947611e-05 4.5350650907494128e-05 -7.3119386797770858e-05 1.1264686327194795e-04 0 2 0
P 10058 22 -6.8748176097869873e-02 9.5628738403320312e-02 -1.9164969027042389e-01 2.2494615156997863e-01 0 1 0 0 0 0
P 10059 22 -8.8075965642929077e-02 3.3432975411415100e-02 -1.6438011080026627e-02 9.5631311697904620e-02 0 1 0 0 0 0
V -17 0 -1.8424185327603482e-05 9.3647722678724676e-06 -1.2597356544574723e-06 2.2200523744686507e-05 0 2 0
P 10060 22 -2.5434938073158264e-01 9.1417595744132996e-02 -6.3238196074962616e-02 2.7757855416619043e-01 0 1 0 0 0 0
P 10061 22 -5.6197445839643478e-02 6.6429279744625092e-02 4.2004864662885666e-02 9.6619929526142068e-02 0 1 0 0 0 0
V -18 0 -8.6165338871069252e-05 7.7276206411625026e-07 -2.8784570167772472e-04 3.0887764296494424e-04 0 2 0
P 10062 22 -1.5027533471584320e-01 5.2026510238647461e-02 -4.1893178224563599e-01 4.4809962303831025e-01 0 1 0 0 0 0
P 10063 22 -1.2180700898170471e-02 -5.0569545477628708e-02 -1.2377215176820755e-01 1.3425793815457190e-01 0 1 0 0 0 0
V -19 0 1.3809875021308926e-08 -2.6928242391477397e-07 -6.3490510910924058e-06 6.3654056248196866e-06 0 2 0
P 10064 22 4.0951073169708252e-03 -1.0051602125167847e-01 -2.3317670822143555e+00 2.3339361529679112e+00 0 1 0 0 0 0
P 10065 22 9.7363768145442009e-04 1.6792020760476589e-03 1.4256238937377930e-03 2.4083383137231389e-03 0 1 0 0 0 0
V -20 0 -6.7197570388088934e-06 -5.5978130149014760e-06 -3.8090953603386879e-04 3.8103718543425202e-04 0 2 0
P 10066 22 -1.0096687078475952e-01 -1.4831686019897461e-01 -5.5079932212829590e+00 5.5109147630601560e+00 0 1 0 0 0 0
P 10067 22 -9.7963169217109680e-02 -1.7399415373802185e-02 -5.7683587074279785e+00 5.7692167319089851e+00 0 1 0 0 0 0
V -21 0 -4.7623809223296121e-05 -6.9084882852621377e-05 -2.1657345350831747e-03 2.1681080106645823e-03 0 2 0
P 10068 22 -4.2461380362510681e-02 -1.6415126621723175e-01 -3.4923200607299805e+00 3.4964336134981977e+00 0 1 0 0 0 0
P 10069 22 -7.0392750203609467e-02 4.4082105159759521e-04 -1.6398216485977173e+00 1.6413318899034901e+00 0 1 0 0 0 0
V -22 0 1.5439761469338009e-08 -1.7056999146447538e-09 1.4743719702892122e-06 1.4748127341590589e-06 0 3 0
P 10070 111 3.9338849484920502e-02 5.8014929294586182e-02 3.0220956802368164e+00 3.0259203986517047e+00 1.3497659564018250e-01 2 0 0 -28 0
P 10071 111 1.4646102488040924e-01 -1.2525622546672821e-01 1.1922153472900391e+01 1.1924474917856495e+01 1.3497659564018250e-01 2 0 0 -29 0
P 10072 111 7.4202552437782288e-02 3.8517661392688751e-02 9.8838768005371094e+00 9.8851519421096281e+00 1.3497659564018250e-01 2 0 0 -30 0
V -23 0 -1.9700930351973511e-05 3.7387599149951711e-05 1.4481684775091708e-04 1.5171899576671422e-04 0 2 0
P 10073 22 -1.7946071922779083e-01 2.9766610264778137e-01 1.1862912178039551e+00 1.2361626559033672e+00 0 1 0 0 0 0
P 10074 22 1.4791410416364670e-02 1.4836434274911880e-02 2.4153672158718109e-02 3.1973512206980886e-02 0 1 0 0 0 0
V -24 0 -6.7757828219328076e-05 -1.3048807159066200e-04 1.0948461567750201e-04 1.9257920212112367e-04 0 2 0
P 10075 22 -1.5911349654197693e-01 -2.8265205025672913e-01 1.8572424352169037e-01 3.7376835196127878e-01 0 1 0 0 0 0
P 10076 22 4.1147954761981964e-03 -1.5844527631998062e-02 6.4726091921329498e-02 6.6764118904546976e-02 0 1 0 0 0 0
V -25 0 -4.9983265171249514e-07 -4.1166495066136122e-06 2.2389291189028881e-05 2.5608083888073452e-05 0 2 0
P 10077 22 6.4577534794807434e-02 -2.4331692606210709e-02 1.3101996481418610e-01 1.4808281617111507e-01 0 1 0 0 0 0
P 10078 22 -7.0335283875465393e-02 -2.3089446127414703e-02 1.2689018249511719e-01 1.4690572859475981e-01 0 1 0 0 0 0
V -26 0 1.5732954125269316e-05 -4.0829185309121385e-05 4.3325388105586171e-05 7.0005218731239438e-05 0 2 0
P 10079 22 7.3837280273437500e-02 -2.5991253554821014e-02 9.2008523643016815e-02 1.2080172864034994e-01 0 1 0 0 0 0
P 10080 22 -1.0071910917758942e-02 -1.3948866724967957e-01 8.3588466048240662e-02 1.6292809253448279e-01 0 1 0 0 0 0
V -27 0 1.9605693069024710e-08 5.1194568584378430e-08 2.7265560920142207e-09 8.3391277883038128e-08 0 3 0
P 10081 211 -2.7701627463102341e-02 1.4364191889762878e-01 -1.2701025605201721e-01 2.3877148147893457e-01 1.3957017660140991e-01 1 0 0 0 0
P 10082 -211 4.4506132602691650e-02 1.1786875128746033e-01 4.7141101211309433e-02 1.9384518562315967e-01 1.3957017660140991e-01 1 0 0 0 0
P 10083 111 1.5428395569324493e-01 1.8523709475994110e-01 1.0366234928369522e-01 2.9509470393263026e-01 1.3497659564018250e-01 2 0 0 -31 0
V -28 0 4.4735720621247310e-06 6.5729200287023559e-06 3.4395771217532456e-04 3.4439162118360400e-04 0 2 0
P 10084 22 1.1505832895636559e-02 3.3072307705879211e-03 2.5277817249298096e+00 2.5278100741264393e+00 0 1 0 0 0 0
P 10085 22 2.7833011001348495e-02 5.4707694798707962e-02 4.9431389570236206e-01 4.9811026475674586e-01 0 1 0 0 0 0
V -29 0 5.1835572776326444e-06 -4.4215771595190745e-06 4.2216712608933449e-04 4.2224946082569659e-04 0 2 0
P 10086 22 9.0695526450872421e-03 -4.7915238887071609e-02 1.0044710636138916e+00 1.0056541376340127e+00 0 1 0 0 0 0
P 10087 22 1.3739147782325745e-01 -7.7340982854366302e-02 1.0917682647705078e+01 1.0918821018855832e+01 0 1 0 0 0 0
V -30 0 1.1663604482237133e-06 5.9572363397819572e-07 1.5477852139156312e-04 1.5479874855373055e-04 0 2 0
P 10088 22 4.3562904000282288e-02 -2.6067143306136131e-02 1.3186637163162231e+00 1.3196405644318430e+00 0 1 0 0 0 0
P 10089 22 3.0639644712209702e-02 6.4584806561470032e-02 8.5652132034301758e+00 8.5655114970024577e+00 0 1 0 0 0 0
V -31 0 4.8822610551724210e-05 5.8645280660130084e-05 3.2793137506814674e-05 9.3427566753234714e-05 0 2 0
P 10090 22 2.6765149086713791e-02 1.2194352596998215e-01 1.1215213686227798e-02 1.2534902372836207e-01 0 1 0 0 0 0
P 10091 22 1.2751881778240204e-01 6.3293568789958954e-02 9.2447146773338318e-02 1.6974569121283131e-01 0 1 0 0 0 0
E 3 -1 -1.0000000000000000e+00 -1.0000000000000000e+00 -1.0000000000000000e+00 101 -1 14 10001 10002 0 0
U GEV MM
C 4.1841217041015625e+10 0.0000000000000000e+00
H -1 1 1 -1 0 0 0 0 0 0 0 0 4.1841217536000000e+10
F 0 0 0 0 0 0 0 0 0
V -1 0 0 0 0 0 2 20 0
P 10001 2212 0 0 1.0000001525878906e+02 1.0000441700790465e+02 9.3827998638153076e-01 4 0 0 -1 0
P 10002 2212 0 0 -1.0000001525878906e+02 1.0000441700790465e+02 9.3827998638153076e-01 4 0 0 -1 0
P 10003 2112 -5.8951395750045776e-01 -3.1423117965459824e-02 2.7158775329589844e+01 2.7181434533973956e+01 9.3957000970840454e-01 1 0 0 0 0
P 10004 211 7.6102632284164429e-01 -2.3479700088500977e-01 4.2477134704589844e+01 4.2484829565291136e+01 1.3956999778747559e-01 1 0 0 0 0
P 10005 -211 3.3195003867149353e-02 -7.0731090381741524e-03 1.0122910499572754e+01 1.0123929509029383e+01 1.3956999778747559e-01 1 0 0 0 0
P 10006 213 1.3222466409206390e-01 4.1022139787673950e-01 7.3618526458740234e+00 7.4142278728918951e+00 7.6690000295639038e-01 2 0 0 -2 0
P 10007 331 -4.0753370523452759e-01 -7.7322579920291901e-02 4.1997728347778320e+00 4.3275012511561926e+00 9.5766001939773560e-01 2 0 0 -3 0
P 10008 221 4.6261727809906006e-01 -4.2026561498641968e-01 1.9327508211135864e+00 2.1038781585807551e+00 5.4785001277923584e-01 2 0 0 -4 0
P 10009 -213 -3.8764455914497375e-01 3.3480487763881683e-02 1.5966271162033081e+00 1.8134891811162845e+00 7.6690000295639038e-01 2 0 0 -5 0
P 10010 111 1.0292647033929825e-01 9.3660272657871246e-02 -1.7724335193634033e-01 2.6267510382938081e-01 1.3496999442577362e-01 2 0 0 -6 0
P 10011 211 2.7396425604820251e-01 -1.4588731527328491e-01 4.3354640007019043e+00 4.3488006861678832e+00 1.3956999778747559e-01 1 0 0 0 0
P 10012 -211 -2.1128641068935394e-01 1.4293108135461807e-02 -1.2831267714500427e-01 2.8423611255552378e-01 1.3956999778747559e-01 1 0 0 0 0
P 10013 221 -3.0645782127976418e-02 8.6161166429519653e-01 -8.9955358505249023e+00 9.0533484799047006e+00 5.4785001277923584e-01 2 0 0 -7 0
P 10014 2212 3.1015238165855408e-01 -8.8148933649063110e-01 -8.8746709823608398e+00 8.9729233551397876e+00 9.3826997280120850e-01 1 0 0 0 0
P 10015 211 -1.0097853839397430e-02 -1.5926899388432503e-02 -4.2653721570968628e-01 4.4918750365972837e-01 1.3956999778747559e-01 1 0 0 0 0
P 10016 -321 1.8812330067157745e-01 2.3438596725463867e-01 -1.0379645824432373e+00 1.1880309655094616e+00 4.9368000030517578e-01 1 0 0 0 0
P 10017 321 -6.3383507728576660e-01 -5.7942841202020645e-02 -8.3676320314407349e-01 1.1614632490447834e+00 4.9368000030517578e-01 1 0 0 0 0
P 10018 -2212 3.2078707218170166e-01 -1.1866283416748047e-01 -8.7648534774780273e+00 8.8215640471183239e+00 9.3826997280120850e-01 1 0 0 0 0
P 10019 2212 -3.6895614862442017e-01 6.1331011354923248e-02 -1.4915846824645996e+01 1.4950007597681147e+01 9.3826997280120850e-01 1 0 0 0 0
P 10020 221 -3.9579462260007858e-02 -1.0695122927427292e-01 -7.6118135452270508e+00 7.6323554806547289e+00 5.4785001277923584e-01 2 0 0 -8 0
P 10021 -211 -3.0689707398414612e-01 1.4528666436672211e-01 -4.0978031158447266e+00 4.1142148934361682e+00 1.3956999778747559e-01 1 0 0 0 0
P 10022 211 4.0097326040267944e-01 2.4347127974033356e-01 -4.3317943572998047e+01 4.3320708362137175e+01 1.3956999778747559e-01 1 0 0 0 0
V -2 0 0 0 0 0 0 2 0
P 10023 211 2.5208047032356262e-01 2.2822022438049316e-01 1.4185088872909546e+00 1.4653587724017632e+00 1.3957017660140991e-01 1 0 0 0 0
P 10024 111 -1.1985581368207932e-01 1.8200114369392395e-01 5.9433431625366211e+00 5.9488685026163344e+00 1.3497659564018250e-01 2 0 0 -9 0
V -3 0 0 0 0 0 0 2 0
P 10025 113 -1.9788907468318939e-01 -1.5878877043724060e-01 3.1558713912963867e+00 3.2596445996759460e+00 7.7548998594284058e-01 2 0 0 -10 0
P 10026 22 -2.0964463055133820e-01 8.1466197967529297e-02 1.0439012050628662e+00 1.0678564222132094e+00 0 1 0 0 0 0
V -4 0 0 0 0 0 0 3 0
P 10027 211 3.0738678574562073e-01 -3.5957813262939453e-01 9.9864035844802856e-01 1.1137977685531706e+00 1.3957017660140991e-01 1 0 0 0 0
P 10028 -211 5.8294702321290970e-02 -8.6508542299270630e-03 3.7383267283439636e-01 4.0336560472193578e-01 1.3957017660140991e-01 1 0 0 0 0
P 10029 111 9.6935823559761047e-02 -5.2036657929420471e-02 5.6027787923812866e-01 5.8671488049295384e-01 1.3497659564018250e-01 2 0 0 -11 0
V -5 0 0 0 0 0 0 2 0
P 10030 -211 -2.0202223211526871e-02 -8.2752540707588196e-02 -2.0108819007873535e-03 1.6352367002613738e-01 1.3957017660140991e-01 1 0 0 0 0
P 10031 111 -3.6744230985641479e-01 1.1623302102088928e-01 1.5986378192901611e+00 1.6499653102061496e+00 1.3497659564018250e-01 2 0 0 -12 0
V -6 0 0 0 0 0 0 2 0
P 10032 22 4.7982197254896164e-02 -2.3479860275983810e-02 -9.6102915704250336e-02 1.0995165073270038e-01 0 1 0 0 0 0
P 10033 22 5.4944269359111786e-02 1.1714012920856476e-01 -8.1140436232089996e-02 1.5272345267947468e-01 0 1 0 0 0 0
V -7 0 0 0 0 0 0 3 0
P 10034 211 -1.3617408275604248e-01 5.3831410408020020e-01 -5.2912101745605469e+00 5.3220964291372734e+00 1.3957017660140991e-01 1 0 0 0 0
P 10035 -211 2.8278745710849762e-02 1.0696527361869812e-01 -1.6973869800567627e+00 1.7067054964117470e+00 1.3957017660140991e-01 1 0 0 0 0
P 10036 111 7.7249564230442047e-02 2.1633228659629822e-01 -2.0069391727447510e+00 2.0245470302923998e+00 1.3497659564018250e-01 2 0 0 -13 0
V -8 0 0 0 0 0 0 3 0
P 10037 211 5.8126728981733322e-03 9.3671679496765137e-04 -2.3023660182952881e+00 2.3066000479064468e+00 1.3957017660140991e-01 1 0 0 0 0
P 10038 -211 3.3253476023674011e-02 7.7800959348678589e-02 -1.5755691528320312e+00 1.5840002438432972e+00 1.3957017660140991e-01 1 0 0 0 0
P 10039 111 -7.8645609319210052e-02 -1.8568891286849976e-01 -3.7338783740997314e+00 3.7417551895023466e+00 1.3497659564018250e-01 2 0 0 -14 0
V -9 0 -9.7189622465521097e-06 1.4758249562873971e-05 4.8193841939792037e-04 4.8238647286780179e-04 0 2 0
P 10040 22 -3.1169075518846512e-03 1.0079386830329895e-01 1.5841351747512817e+00 1.5873416049749669e+00 0 1 0 0 0 0
P 10041 22 -1.1673890054225922e-01 8.1207260489463806e-02 4.3592081069946289e+00 4.3615270158676900e+00 0 1 0 0 0 0
V -10 0 -1.6810827090183583e-13 -1.3489226012228239e-13 2.6809366358848674e-12 2.7690926808487948e-12 0 2 0
P 10042 211 -4.1772019863128662e-01 1.3422168791294098e-02 2.4278488159179688e+00 2.4675088705231549e+00 1.3957017660140991e-01 1 0 0 0 0
P 10043 -211 2.1983110904693604e-01 -1.7221093177795410e-01 7.2802233695983887e-01 7.9213551797508164e-01 1.3957017660140991e-01 1 0 0 0 0
V -11 0 1.0322396519768517e-05 -5.5412228903151117e-06 5.9662263083737344e-05 6.2477454775944352e-05 0 2 0
P 10044 22 -1.1036418378353119e-02 -1.1993169784545898e-02 1.6966685652732849e-03 1.6386498598644609e-02 0 1 0 0 0 0
P 10045 22 1.0797225683927536e-01 -4.0043488144874573e-02 5.5858123302459717e-01 5.7032839932538382e-01 0 1 0 0 0 0
V -12 0 -1.2049862561980262e-04 3.8117326766951010e-05 5.2425550529733300e-04 5.4108782205730677e-04 0 2 0
P 10046 22 -2.8350353240966797e-01 4.5692946761846542e-02 9.6164387464523315e-01 1.0036040254578682e+00 0 1 0 0 0 0
P 10047 22 -8.3938732743263245e-02 7.0540063083171844e-02 6.3699388504028320e-01 6.4636121552351544e-01 0 1 0 0 0 0
V -13 0 2.3316272290685447e-06 6.5295675995002966e-06 -6.0575541283469647e-05 6.1106999055482447e-05 0 2 0
P 10048 22 3.2090447843074799e-02 6.5252959728240967e-02 -1.2085272073745728e+00 1.2107129125274283e+00 0 1 0 0 0 0
P 10049 22 4.5159120112657547e-02 1.5107931196689606e-01 -7.9841208457946777e-01 8.1383423461800330e-01 0 1 0 0 0 0
V -14 0 -1.5433248563567759e-06 -3.6439200812310446e-06 -7.3272851295769215e-05 7.3427414463367313e-05 0 2 0
P 10050 22 -3.0711067840456963e-02 -1.8304638564586639e-01 -2.4691920280456543e+00 2.4761579958375290e+00 0 1 0 0 0 0
P 10051 22 -4.7934539616107941e-02 -2.6425309479236603e-03 -1.2646862268447876e+00 1.2655970746761880e+00 0 1 0 0 0 0
HepMC::IO_GenEvent-END_EVENT_LISTING
