
HepMC::Version 2.06.09
HepMC::IO_GenEvent-START_EVENT_LISTING
E 0 -1 -1.0000000000000000e+00 -1.0000000000000000e+00 -1.0000000000000000e+00 101 -1 90 1 2 0 0
U GEV MM
C 7.9948295593261719e+10 0.0000000000000000e+00
H 1 1 1 1 0 0 2 0 1 1.3352936506271362e+00 5.5207151174545288e-01 -1.0000000000000000e+00 7.9948292096000000e+10
F 0 0 0 0 0 0 0 0 0
V -1 0 8.6184705205827328e-13 1.1083619915960852e-12 1.2167700180754082e-09 1.2167705731869205e-09 2 105 0
P 1 2212 0 0 7.0000000000000000e+03 7.0000000628835232e+03 9.3827998638153076e-01 4 0 0 -1 0
P 2 2212 0 0 -7.0000000000000000e+03 7.0000000628835232e+03 9.3827998638153076e-01 4 0 0 -1 0
P 3 111 4.5695256441831589e-02 1.1837904155254364e-01 1.9118875122070312e+02 1.9118884097579343e+02 1.3497659564018250e-01 2 0 0 -2 0
P 4 -323 4.7399970889091492e-01 -2.8124883770942688e-01 2.1277070617675781e+02 2.1277327792690525e+02 8.8916599750518799e-01 2 0 0 -3 0
P 5 311 -1.1121654510498047e+00 -2.9199734330177307e-01 1.7957153320312500e+02 1.7957590424882673e+02 4.9766999483108521e-01 2 0 0 -4 0
P 6 213 4.0078198909759521e-01 1.5735949575901031e-01 1.6541877746582031e+02 1.6542115557333824e+02 7.7548998594284058e-01 2 0 0 -5 0
P 7 -211 6.3513004779815674e-01 -6.3144475221633911e-01 2.1161605834960938e+02 2.1161799957449790e+02 1.3957017660140991e-01 1 0 0 0 0
P 8 211 -1.1707490682601929e-01 1.5629197657108307e-01 1.8647218704223633e+01 1.8648763469814643e+01 1.3957017660140991e-01 1 0 0 0 0
P 9 113 2.4167054891586304e-01 -6.1417526006698608e-01 1.8433809280395508e+01 1.8461915534650917e+01 7.7548998594284058e-01 2 0 0 -6 0
P 10 111 3.8492956664413214e-03 3.7407122552394867e-02 2.9395082473754883e+01 2.9395416418722782e+01 1.3497659564018250e-01 2 0 0 -7 0
P 11 -213 -4.7638404369354248e-01 -1.2503498233854771e-02 1.8494795560836792e+00 2.0613241960504429e+00 7.7548998594284058e-01 2 0 0 -8 0
P 12 211 -7.0292997360229492e-01 1.8083609640598297e-01 -8.7607187032699585e-01 1.1462085315188797e+00 1.3957017660140991e-01 1 0 0 0 0
P 13 113 5.4660266637802124e-01 -2.3986993730068207e-01 -8.9775872230529785e-01 1.3280314391930124e+00 7.7548998594284058e-01 2 0 0 -9 0
P 14 -211 -4.0973037481307983e-02 -4.1966833174228668e-02 2.1764358878135681e-01 2.6511991781323280e-01 1.3957017660140991e-01 1 0 0 0 0
P 15 111 -5.0927376747131348e-01 -5.2414393424987793e-01 -4.8971743583679199e+00 4.9532435849322241e+00 1.3497659564018250e-01 2 0 0 -10 0
P 16 211 -4.5287311077117920e-01 4.4356262683868408e-01 -4.5521324872970581e-01 7.9280564730783809e-01 1.3957017660140991e-01 1 0 0 0 0
P 17 211 -1.3189938664436340e-01 -1.9626481458544731e-02 -1.6028263568878174e+00 1.6144085020534373e+00 1.3957017660140991e-01 1 0 0 0 0
P 18 221 4.2847314476966858e-01 -9.1875791549682617e-01 3.0908662796020508e+01 3.0930135532893008e+01 5.4785299301147461e-01 2 0 0 -11 0
P 19 111 -1.2381088733673096e-01 1.7194862663745880e-01 -5.9478927403688431e-02 2.5817027365931089e-01 1.3497659564018250e-01 2 0 0 -12 0
P 20 111 -6.2789726257324219e-01 -1.5509279072284698e-01 1.3451962471008301e+00 1.4986928873741754e+00 1.3497659564018250e-01 2 0 0 -13 0
P 21 311 -4.4983886182308197e-02 -5.9279161691665649e-01 -9.5359377562999725e-02 7.8114933639292172e-01 4.9766999483108521e-01 2 0 0 -14 0
P 22 -321 -9.9625473376363516e-04 -8.5753071308135986e-01 -2.7304131984710693e+00 2.9041751189466845e+00 4.9367699027061462e-01 1 0 0 0 0
P 23 2224 7.2947278618812561e-02 2.8496614098548889e-01 -5.5826115608215332e+00 5.7245002253066000e+00 1.2319999933242798e+00 2 0 0 -15 0
P 24 113 -6.2827712297439575e-01 -4.3621349334716797e-01 -4.7890601158142090e+00 4.9113639517155674e+00 7.7548998594284058e-01 2 0 0 -16 0
P 25 111 -3.5169143229722977e-02 -4.7275345772504807e-02 -6.9855999946594238e+00 6.9871523379492579e+00 1.3497659564018250e-01 2 0 0 -17 0
P 26 213 2.3163607716560364e-01 3.9612135291099548e-01 -2.7372331542968750e+03 2.7372333026130850e+03 7.7548998594284058e-01 2 0 0 -18 0
P 27 -213 2.5138631463050842e-01 -3.0659770965576172e-01 -9.5129174804687500e+02 9.5129214675830906e+02 7.7548998594284058e-01 2 0 0 -19 0
P 28 221 -1.2492908239364624e+00 1.4477805793285370e-01 -3.0385345458984375e+02 3.0385655118383249e+02 5.4785299301147461e-01 2 0 0 -20 0
P 29 -211 -1.7141257226467133e-01 -9.8392391204833984e-01 2.7585705566406250e+02 2.7585889894657106e+02 1.3957017660140991e-01 1 0 0 0 0
P 30 211 2.8537833690643311e-01 1.0538976192474365e+00 1.5509361267089844e+02 1.5509751871687664e+02 1.3957017660140991e-01 1 0 0 0 0
P 31 111 -7.4072891473770142e-01 -2.2896046936511993e-01 3.6724613189697266e+01 3.6733044181444008e+01 1.3497659564018250e-01 2 0 0 -21 0
P 32 323 -1.1340413987636566e-01 -8.2814788818359375e-01 1.4565547943115234e+01 1.4616582790719310e+01 8.8916599750518799e-01 2 0 0 -22 0
P 33 113 -4.1607382893562317e-01 -3.1947699189186096e-01 -5.8383828401565552e-01 1.1033742971690952e+00 7.7548998594284058e-01 2 0 0 -23 0
P 34 -2212 -8.3641713857650757e-01 4.7044572234153748e-01 -4.4874424934387207e+00 4.6838469522538428e+00 9.3827998638153076e-01 1 0 0 0 0
P 35 223 -4.0284931659698486e-02 2.0559430122375488e-01 -3.4032154083251953e+01 3.4041633159366995e+01 7.7548998594284058e-01 2 0 0 -24 0
P 36 2212 -3.1486719846725464e-02 -2.4345853924751282e-01 -3.0485067367553711e+01 3.0500491229011239e+01 9.3827998638153076e-01 1 0 0 0 0
P 37 -2212 -2.3091186583042145e-01 -7.9778619110584259e-02 -8.8150932312011719e+01 8.8156264222842182e+01 9.3827998638153076e-01 1 0 0 0 0
P 38 223 1.1237690597772598e-01 -3.4866330027580261e-01 6.5482543945312500e+02 6.5482600111354964e+02 7.7548998594284058e-01 2 0 0 -25 0
P 39 -211 -3.7154084444046021e-01 1.5962059795856476e-01 1.3570976257324219e+00 1.4229248519669986e+00 1.3957017660140991e-01 1 0 0 0 0
P 40 223 -5.4068583995103836e-02 -6.4814090728759766e-01 3.9138588309288025e-01 1.0851625109894125e+00 7.7548998594284058e-01 2 0 0 -26 0
P 41 -323 2.9886981844902039e-01 2.3295781016349792e-01 2.7098584175109863e+00 2.8770716577399433e+00 8.8916599750518799e-01 2 0 0 -27 0
P 42 321 -5.4776597023010254e-01 -5.1517826318740845e-01 5.6232601404190063e-02 9.0129644245733898e-01 4.9367699027061462e-01 1 0 0 0 0
P 43 211 3.0366021394729614e-01 2.9479106888175011e-02 -1.4640919685363770e+01 1.4644763146283600e+01 1.3957017660140991e-01 1 0 0 0 0
P 44 213 2.7241834998130798e-01 1.0399991646409035e-02 3.2412911987304688e+02 3.2413016221004722e+02 7.7548998594284058e-01 2 0 0 -28 0
P 45 -211 -2.0768792927265167e-01 6.1161398887634277e-01 1.0823303985595703e+02 1.0823505717762029e+02 1.3957017660140991e-01 1 0 0 0 0
P 46 213 3.4032365679740906e-01 -7.8954705968499184e-03 2.4004030227661133e+01 2.4018966139669686e+01 7.7548998594284058e-01 2 0 0 -29 0
P 47 22212 -2.9195621609687805e-01 -1.7211866378784180e-01 1.1517316436767578e+02 1.1518387183248612e+02 1.5335177183151245e+00 2 0 0 -30 0
P 48 3122 -8.5272872447967529e-01 4.3823304772377014e-01 -9.8993676757812500e+02 9.8993786045430431e+02 1.1155999898910522e+00 1 0 0 0 0
P 49 321 -4.0210759639739990e-01 -4.4337618350982666e-01 -6.0788635253906250e+02 6.0788684768892256e+02 4.9367699027061462e-01 1 0 0 0 0
P 50 -213 -2.5847887992858887e-01 1.9477266818284988e-02 -4.0315078735351562e+02 4.0315161654044397e+02 7.7548998594284058e-01 2 0 0 -31 0
P 51 213 -6.2278276681900024e-01 4.4082486629486084e-01 -3.2361508178710938e+02 3.2361691045081864e+02 7.7548998594284058e-01 2 0 0 -32 0
P 52 -321 1.3188751041889191e-01 5.3599792718887329e-01 -3.4016561889648438e+02 3.4016642498090891e+02 4.9367699027061462e-01 1 0 0 0 0
P 53 -321 -1.0214352607727051e-01 2.8890165686607361e-01 -1.1505138397216797e+01 1.1519801386182595e+01 4.9367699027061462e-01 1 0 0 0 0
P 54 -211 -2.3324188590049744e-01 8.0225825309753418e-02 -4.7711677551269531e+00 4.7795773392785232e+00 1.3957017660140991e-01 1 0 0 0 0
P 55 211 4.6017754077911377e-01 -1.7894811928272247e-01 -1.3459774971008301e+01 1.3469551139618959e+01 1.3957017660140991e-01 1 0 0 0 0
P 56 111 -1.2176016718149185e-01 -1.2002246826887131e-01 -1.0782478332519531e+01 1.0784678419119654e+01 1.3497659564018250e-01 2 0 0 -33 0
P 57 -211 2.0888459682464600e-01 -1.1986862868070602e-01 -4.4319915771484375e+00 4.4407240892723374e+00 1.3957017660140991e-01 1 0 0 0 0
P 58 321 -6.5957196056842804e-02 -1.9688445329666138e-01 -9.2904386520385742e+00 9.3058627304337875e+00 4.9367699027061462e-01 1 0 0 0 0
P 59 -323 1.5438495576381683e-01 -1.6980119049549103e-02 -9.9988327026367188e+00 1.0039491751351063e+01 8.8916599750518799e-01 2 0 0 -34 0
P 60 -211 3.3370445016771555e-03 -1.6262724995613098e-02 -3.3827469348907471e+00 3.3856657058545490e+00 1.3957017660140991e-01 1 0 0 0 0
P 61 211 7.6290540397167206e-02 6.6180124878883362e-02 -9.4173735380172729e-01 9.5736572595069680e-01 1.3957017660140991e-01 1 0 0 0 0
P 62 -213 2.0675075054168701e-01 7.5418010354042053e-02 -4.6649608612060547e+00 4.7340974117583681e+00 7.7548998594284058e-01 2 0 0 -35 0
P 63 2112 -1.9691859185695648e-01 -6.0384446382522583e-01 -1.8027301788330078e+01 1.8062940143813343e+01 9.3957000970840454e-01 1 0 0 0 0
P 64 113 1.1006211042404175e+00 5.7179200649261475e-01 -1.4612556457519531e+01 1.4685588304738820e+01 7.7548998594284058e-01 2 0 0 -36 0
P 65 321 -9.5612809062004089e-02 -2.6700541377067566e-01 -2.4914085865020752e+00 2.5556344448802721e+00 4.9367699027061462e-01 1 0 0 0 0
P 66 -211 5.6143268942832947e-02 -2.2436045110225677e-01 -4.2134913802146912e-01 5.0050435460081588e-01 1.3957017660140991e-01 1 0 0 0 0
P 67 -3214 2.7985408902168274e-01 -7.4849265813827515e-01 -1.1900845527648926e+01 1.2007439683756063e+01 1.3819999694824219e+00 2 0 0 -37 0
P 68 221 4.1413775086402893e-01 -3.7278854846954346e-01 -4.8887758255004883e+00 4.9508336017796397e+00 5.4785299301147461e-01 2 0 0 -38 0
P 69 113 -2.3627410829067230e-01 5.9438109397888184e-02 -2.1366119384765625e+00 2.2860126064909503e+00 7.7548998594284058e-01 2 0 0 -39 0
P 70 111 9.0727351605892181e-02 2.0254634320735931e-01 -5.8633897453546524e-02 2.6629511594713656e-01 1.3497659564018250e-01 2 0 0 -40 0
P 71 111 3.7199425697326660e-01 6.1181463301181793e-02 -2.0214951038360596e+00 2.0607726790882448e+00 1.3497659564018250e-01 2 0 0 -41 0
P 72 211 1.9252440333366394e-01 9.3329146504402161e-02 -3.5663178563117981e-01 4.3868216305801178e-01 1.3957017660140991e-01 1 0 0 0 0
P 73 113 4.9126067757606506e-01 2.7601611614227295e-01 -7.5274372100830078e-01 1.2188231116605104e+00 7.7548998594284058e-01 2 0 0 -42 0
P 74 333 3.1772571802139282e-01 -1.1542512476444244e-01 -1.1262246370315552e+00 1.5562592752496029e+00 1.0194549560546875e+00 2 0 0 -43 0
P 75 -213 1.0166748762130737e+00 -1.6381098330020905e-01 -2.3298306465148926e+00 2.6626973921026549e+00 7.7548998594284058e-01 2 0 0 -44 0
P 76 211 1.0191676020622253e-01 5.4080414772033691e-01 -6.5573447942733765e-01 8.6736595155034935e-01 1.3957017660140991e-01 1 0 0 0 0
P 77 -211 -6.3989275693893433e-01 4.4799974560737610e-01 2.6283392310142517e-01 8.3589952612537022e-01 1.3957017660140991e-01 1 0 0 0 0
P 78 -321 8.4413981437683105e-01 4.4402085244655609e-02 -2.8961157798767090e-01 1.0208503358560381e+00 4.9367699027061462e-01 1 0 0 0 0
P 79 -211 -1.1374175548553467e-01 2.0918652415275574e-01 2.7960571646690369e-01 3.9288087215536710e-01 1.3957017660140991e-01 1 0 0 0 0
P 80 211 -1.3556243479251862e-01 -2.8607232496142387e-02 6.5571480989456177e-01 6.8457088280876677e-01 1.3957017660140991e-01 1 0 0 0 0
P 81 211 4.5330825448036194e-01 2.5364227592945099e-02 1.1315348148345947e+00 1.2271848226737196e+00 1.3957017660140991e-01 1 0 0 0 0
P 82 -213 -1.7128632962703705e-01 3.4927132725715637e-01 1.9263079762458801e-01 8.8871863334364132e-01 7.7548998594284058e-01 2 0 0 -45 0
P 83 111 -2.6981887221336365e-01 1.6039638221263885e-01 -7.5209625065326691e-02 3.4986339091490370e-01 1.3497659564018250e-01 2 0 0 -46 0
P 84 333 4.5037743449211121e-01 2.8214269876480103e-01 2.4850285053253174e+00 2.7380831644911421e+00 1.0194549560546875e+00 2 0 0 -47 0
P 85 211 2.0070229470729828e-01 1.0668022930622101e-01 2.0218537747859955e-01 3.3469515008185530e-01 1.3957017660140991e-01 1 0 0 0 0
P 86 211 -2.7351474761962891e-01 4.9246367067098618e-02 4.7759719192981720e-02 3.1463684909539430e-01 1.3957017660140991e-01 1 0 0 0 0
P 87 -211 9.0961962938308716e-01 -1.4850415289402008e-01 1.5087993144989014e+00 1.7735322267200837e+00 1.3957017660140991e-01 1 0 0 0 0
P 88 211 -3.3539289236068726e-01 1.5989844501018524e-01 2.3579475879669189e+00 2.3911195216379926e+00 1.3957017660140991e-01 1 0 0 0 0
P 89 311 1.7895504236221313e+00 3.5175177454948425e-01 1.9944908142089844e+01 2.0034301990579603e+01 4.9766999483108521e-01 2 0 0 -48 0
P 90 111 -2.5714367628097534e-01 3.7612464278936386e-02 1.2833998203277588e+00 1.3163857139563488e+00 1.3497659564018250e-01 2 0 0 -49 0
P 91 -311 4.7021150588989258e-01 2.6270112395286560e-01 7.2023973464965820e+00 7.2396349149230943e+00 4.9766999483108521e-01 2 0 0 -50 0
P 92 111 -2.1157211065292358e-01 -5.0589896738529205e-02 1.1875643730163574e+01 1.1878402871716474e+01 1.3497659564018250e-01 2 0 0 -51 0
P 93 211 3.0536177754402161e-01 -2.7810800075531006e-01 3.7532248497009277e+00 3.7784608614987745e+00 1.3957017660140991e-01 1 0 0 0 0
P 94 -321 7.4327208101749420e-02 2.7935841679573059e-01 6.1680917739868164e+00 6.1945652601248220e+00 4.9367699027061462e-01 1 0 0 0 0
P 95 2212 -3.6844480037689209e-01 1.0269042253494263e+00 2.9336681365966797e+01 2.9371951361121258e+01 9.3827998638153076e-01 1 0 0 0 0
P 96 -211 3.7432423233985901e-01 9.6242129802703857e-01 3.0336275100708008e+01 3.0354166768433064e+01 1.3957017660140991e-01 1 0 0 0 0
P 97 -1114 -1.2730489969253540e+00 -4.6699181199073792e-01 3.8258522033691406e+01 3.8302363729762696e+01 1.2319999933242798e+00 2 0 0 -52 0
P 98 331 2.0167447626590729e-01 1.3038660585880280e-01 1.5617470741271973e+01 1.5648655154710466e+01 9.5778000354766846e-01 2 0 0 -53 0
P 99 111 6.2149369716644287e-01 -1.4341300725936890e-01 2.9256448745727539e+01 2.9263711890309164e+01 1.3497659564018250e-01 2 0 0 -54 0
P 100 321 4.9709394574165344e-01 5.3861111402511597e-02 5.1119560241699219e+01 5.1124389088630224e+01 4.9367699027061462e-01 1 0 0 0 0
P 101 -213 -5.9092462062835693e-02 9.7123973071575165e-02 6.5765602111816406e+01 6.5770272394397651e+01 7.7548998594284058e-01 2 0 0 -55 0
P 102 -211 -5.1537336548790336e-04 6.2104654312133789e-01 1.7874891281127930e+01 1.7886221434966988e+01 1.3957017660140991e-01 1 0 0 0 0
P 103 -313 8.3472266793251038e-02 2.8460368514060974e-01 8.7732963562011719e+01 8.7738039474016915e+01 8.9594000577926636e-01 2 0 0 -56 0
P 104 -211 -3.9439454674720764e-01 -1.5019302070140839e-01 2.8986555099487305e+01 2.8989963114357032e+01 1.3957017660140991e-01 1 0 0 0 0
P 105 223 1.0290660709142685e-01 -1.0195517539978027e-01 8.4808425903320312e+01 8.4812160860571709e+01 7.8264999389648438e-01 2 0 0 -57 0
P 106 223 1.4438953995704651e-01 3.4621292352676392e-01 1.3060928955078125e+03 1.3060931838688700e+03 7.8264999389648438e-01 2 0 0 -58 0
P 107 323 -1.4427912235260010e-01 3.9881435036659241e-01 2.3745927734375000e+03 2.3745929777852712e+03 8.8916599750518799e-01 2 0 0 -59 0
V -2 0 3.5816738090943545e-06 9.2787549874628894e-06 1.4985705725848675e-02 1.4985712245106697e-02 0 2 0
P 108 22 6.4622767269611359e-02 1.0516600310802460e-01 8.7373481750488281e+01 8.7373568939314637e+01 0 1 0 0 0 0
P 109 22 -1.8927510827779770e-02 1.3213049620389938e-02 1.0381526947021484e+02 1.0381527203648156e+02 0 1 0 0 0 0
V -3 0 3.1777024588064418e-12 -1.1968747390747603e-12 1.1710319380853207e-09 1.1710461489400359e-09 0 2 0
P 110 -311 2.9693210124969482e-01 -2.8514203429222107e-01 1.9590325927734375e+02 1.9590432395830982e+02 4.9766999483108521e-01 2 0 0 -60 0
P 111 -211 1.7706763744354248e-01 3.8931593298912048e-03 1.6867467880249023e+01 1.6868975091283655e+01 1.3957017660140991e-01 1 0 0 0 0
V -4 0 -3.7029546096079002e-10 -9.7019309253099095e-11 5.9880150615754246e-08 5.9881607228362554e-08 0 1 0
P 112 310 -1.1121654510498047e+00 -2.9199734330177307e-01 1.7957153320312500e+02 1.7957590409364312e+02 4.9761399626731873e-01 1 0 0 0 0
V -5 0 1.0494375550854085e-12 5.3956589630282936e-13 1.9835931508449534e-10 1.9836214615320813e-10 0 2 0
P 113 211 5.8404338359832764e-01 3.1390286982059479e-02 1.3180023193359375e+02 1.3180160359270045e+02 1.3957017660140991e-01 1 0 0 0 0
P 114 111 -1.8326142430305481e-01 1.2596923112869263e-01 3.3618549346923828e+01 3.3619555795247379e+01 1.3497659564018250e-01 2 0 0 -61 0
V -6 0 1.2933612514309800e-12 -1.4895698606867680e-12 5.5249336355922551e-11 5.5333550241787322e-11 0 2 0
P 115 211 2.7342218160629272e-01 -9.3826055526733398e-03 1.0225427627563477e+01 1.0230038989339986e+01 1.3957017660140991e-01 1 0 0 0 0
P 116 -211 -3.1751617789268494e-02 -6.0479271411895752e-01 8.2083826065063477e+00 8.2318775040251957e+00 1.3957017660140991e-01 1 0 0 0 0
V -7 0 1.1453421677742881e-07 1.1130284747196129e-06 8.7463430827483535e-04 8.7464420357719064e-04 0 2 0
P 117 22 -2.0473834127187729e-02 -4.1956905275583267e-02 5.7982940673828125e+00 5.7984820127021948e+00 0 1 0 0 0 0
P 118 22 2.4323130026459694e-02 7.9364031553268433e-02 2.3596790313720703e+01 2.3596936313298425e+01 0 1 0 0 0 0
V -8 0 -1.2172117697453744e-12 3.0400947601330608e-13 6.9340995619004975e-12 7.7282555355218108e-12 0 2 0
P 119 -211 -1.9694006443023682e-01 3.1469437479972839e-01 4.9825042486190796e-01 6.3682906543278806e-01 1.3957017660140991e-01 1 0 0 0 0
P 120 111 -2.7944394946098328e-01 -3.2719787955284119e-01 1.3512290716171265e+00 1.4244950188147809e+00 1.3497659564018250e-01 2 0 0 -62 0
V -9 0 2.9495418694264197e-12 -6.9214068070672097e-13 -3.9089092206123777e-12 5.7823528951117531e-12 0 2 0
P 121 211 -5.6039929389953613e-02 -7.6403424143791199e-02 -5.9823679924011230e-01 6.2156661675843738e-01 1.3957017660140991e-01 1 0 0 0 0
P 122 -211 6.0264253616333008e-01 -1.6346651315689087e-01 -2.9952195286750793e-01 7.0646483405981153e-01 1.3957017660140991e-01 1 0 0 0 0
V -10 0 -7.5833922892343253e-05 -7.8048178693279624e-05 -7.2921864921227098e-04 7.3756766505539417e-04 0 2 0
P 123 22 -4.0181869268417358e-01 -3.2552549242973328e-01 -3.3528976440429688e+00 3.3925429576412038e+00 0 1 0 0 0 0
P 124 22 -1.0745509713888168e-01 -1.9861845672130585e-01 -1.5442767143249512e+00 1.5607006310172833e+00 0 1 0 0 0 0
V -11 0 1.4187746444349614e-07 -3.0422066288338101e-07 1.0234540241071954e-05 1.0241649761155713e-05 0 3 0
P 125 211 8.6906634271144867e-02 -5.6601494550704956e-01 1.3573644638061523e+01 1.3586435672250120e+01 1.3957017660140991e-01 1 0 0 0 0
P 126 -211 2.2385309636592865e-01 -1.3337172567844391e-01 8.3389282226562500e+00 8.3441657439658119e+00 1.3957017660140991e-01 1 0 0 0 0
P 127 22 1.1771345883607864e-01 -2.1937137842178345e-01 8.9960937500000000e+00 8.9995379336303092e+00 0 1 0 0 0 0
V -12 0 -5.8714416809380054e-05 8.1542617408558726e-05 -2.8206490242155269e-05 1.2243121454957873e-04 0 2 0
P 128 22 -4.8181917518377304e-02 -1.3610534369945526e-02 -2.0136730745434761e-02 5.3965097486220852e-02 0 1 0 0 0 0
P 129 22 -7.5628973543643951e-02 1.8555915355682373e-01 -3.9342194795608521e-02 2.0420516496730853e-01 0 1 0 0 0 0
V -13 0 -7.7956712630111724e-05 -1.9255574443377554e-05 1.6701310232747346e-04 1.8607050878927112e-04 0 2 0
P 130 22 -4.1366216540336609e-01 -1.2257882207632065e-01 1.0246453285217285e+00 1.1117733599835988e+00 0 1 0 0 0 0
P 131 22 -2.1423505246639252e-01 -3.2513972371816635e-02 3.2055094838142395e-01 3.8691953506239968e-01 0 1 0 0 0 0
V -14 0 -1.5696053397989962e-12 -2.7830810572782028e-11 -4.5334825303500192e-12 3.7134184616149923e-11 0 1 0
P 132 310 -4.4983886182308197e-02 -5.9279161691665649e-01 -9.5359377562999725e-02 7.8111366091821788e-01 4.9761399626731873e-01 1 0 0 0 0
V -15 0 1.2653648745128421e-12 3.0720276582990591e-12 -5.3312805559091458e-11 5.4667836230093414e-11 0 2 0
P 133 2212 1.3669636845588684e-01 2.4178075790405273e-01 -5.3718614578247070e+00 5.4602571997066587e+00 9.3827998638153076e-01 1 0 0 0 0
P 134 211 -6.3749097287654877e-02 4.3185368180274963e-02 -2.1075008809566498e-01 2.6424298904367566e-01 1.3957017660140991e-01 1 0 0 0 0
V -16 0 -2.2589777270987099e-12 -1.6109531243702069e-12 -2.1565086522068455e-11 2.2115755407559057e-11 0 2 0
P 135 211 -3.2722145318984985e-02 -3.7846648693084717e-01 -1.1126565933227539e+00 1.1839730357508986e+00 1.3957017660140991e-01 1 0 0 0 0
P 136 -211 -5.9555500745773315e-01 -5.7747036218643188e-02 -3.6764035224914551e+00 3.7273909348878531e+00 1.3957017660140991e-01 1 0 0 0 0
V -17 0 -2.3865231923991814e-06 -3.2080317851068685e-06 -4.7403207281604409e-04 4.7413737047463655e-04 0 2 0
P 137 22 -5.6283861398696899e-02 2.7963168919086456e-02 -4.1496543884277344e+00 4.1501302817221895e+00 0 1 0 0 0 0
P 138 22 2.1114718168973923e-02 -7.5238510966300964e-02 -2.8359446525573730e+00 2.8370211027104717e+00 0 1 0 0 0 0
V -18 0 8.8530279027804193e-13 8.9200050340867976e-13 -3.7426608479051993e-09 3.7426612919944091e-09 0 2 0
P 139 211 -4.0074706077575684e-02 5.0745856761932373e-01 -2.1003474121093750e+03 2.1003474784317386e+03 1.3957017660140991e-01 1 0 0 0 0
P 140 111 2.7171075344085693e-01 -1.1133722960948944e-01 -6.3688549804687500e+02 6.3688558004072411e+02 1.3497659564018250e-01 2 0 0 -63 0
V -19 0 1.1763601160882931e-12 -3.9034154055740677e-13 -2.2992758808015878e-09 2.2992769910246125e-09 0 2 0
P 141 -211 1.8168893456459045e-01 2.0337778329849243e-01 -4.8125805664062500e+02 4.8125815414882777e+02 1.3957017660140991e-01 1 0 0 0 0
P 142 111 6.9697380065917969e-02 -5.0997549295425415e-01 -4.7003363037109375e+02 4.7003393157434874e+02 1.3497659564018250e-01 2 0 0 -64 0
V -20 0 -1.6802070490484766e-07 1.9472036427714556e-08 -4.0866259951144457e-05 4.0866674680728465e-05 0 2 0
P 143 22 3.6451436579227448e-02 -1.4393626712262630e-02 -2.4605150222778320e+00 2.4608271086310598e+00 0 1 0 0 0 0
P 144 22 -1.2857422828674316e+00 1.5917168557643890e-01 -3.0139294433593750e+02 3.0139572884221332e+02 0 1 0 0 0 0
V -21 0 -2.5486462618573569e-05 -7.8779057730571367e-06 1.2635939056053758e-03 1.2638838961720467e-03 0 2 0
P 145 22 -6.9389231503009796e-02 -4.5875392854213715e-02 2.5786447525024414e+00 2.5799860807233990e+00 0 1 0 0 0 0
P 146 22 -6.7133969068527222e-01 -1.8308505415916443e-01 3.4145969390869141e+01 3.4153059054197740e+01 0 1 0 0 0 0
V -22 0 -4.3559074533114361e-13 -6.9841693192684851e-12 1.2900951140704109e-10 1.2946148320036599e-10 0 2 0
P 147 311 1.6797724366188049e-01 -6.3833105564117432e-01 8.5556936264038086e+00 8.5955367338884745e+00 4.9766999483108521e-01 2 0 0 -65 0
P 148 211 -2.8138139843940735e-01 -1.8981690704822540e-01 6.0098557472229004e+00 6.0210507294170625e+00 1.3957017660140991e-01 1 0 0 0 0
V -23 0 -5.8341807947226432e-13 -5.3409826474698496e-13 -1.6165910840873488e-12 3.0549620992637028e-12 0 2 0
P 149 211 1.7818443477153778e-01 -1.3020287454128265e-01 -3.9919063448905945e-02 2.6415118238776053e-01 1.3957017660140991e-01 1 0 0 0 0
P 150 -211 -5.9425824880599976e-01 -1.8927411735057831e-01 -5.4391920566558838e-01 8.3922314926439401e-01 1.3957017660140991e-01 1 0 0 0 0
V -24 0 5.0443037333952612e-13 6.7877051635606422e-13 -5.4315104497382194e-11 5.4330238224986616e-11 0 3 0
P 151 211 2.1594934165477753e-01 7.7520601451396942e-02 -1.2572096824645996e+01 1.2574964889186809e+01 1.3957017660140991e-01 1 0 0 0 0
P 152 -211 -1.1421456933021545e-01 1.1524008214473724e-01 -4.1639642715454102e+00 4.1694608204518797e+00 1.3957017660140991e-01 1 0 0 0 0
P 153 111 -1.4201971888542175e-01 1.2833602726459503e-02 -1.7296091079711914e+01 1.7297205543699015e+01 1.3497659564018250e-01 2 0 0 -66 0
V -25 0 7.9435552103115925e-13 -3.4785759342459421e-13 1.3129504150555249e-09 1.3129516363008520e-09 0 3 0
P 154 211 1.9839985668659210e-01 2.4794973433017731e-02 2.3429095458984375e+02 2.3429108147718355e+02 1.3957017660140991e-01 1 0 0 0 0
P 155 -211 5.6357100605964661e-02 -2.5118058919906616e-01 1.2444255828857422e+02 1.2444290281510862e+02 1.3957017660140991e-01 1 0 0 0 0
P 156 111 -1.4238002896308899e-01 -1.2227774411439896e-01 2.9609194946289062e+02 2.9609203970950608e+02 1.3497659564018250e-01 2 0 0 -67 0
V -26 0 4.8393326021814453e-13 -6.6558970791483207e-13 6.1363967292921151e-13 1.7011012824058591e-12 0 3 0
P 157 211 -3.4082017838954926e-02 -4.0513563156127930e-01 7.3619455099105835e-02 4.3611480399794905e-01 1.3957017660140991e-01 1 0 0 0 0
P 158 -211 -9.3733698129653931e-02 -1.5293797850608826e-01 3.9426654577255249e-01 4.5508457977233063e-01 1.3957017660140991e-01 1 0 0 0 0
P 159 111 7.3747135698795319e-02 -9.0067371726036072e-02 -7.6500050723552704e-02 1.9396316816532969e-01 1.3497659564018250e-01 2 0 0 -68 0
V -27 0 1.1496814784905940e-12 8.0400372774389051e-13 5.2631900573918422e-12 5.5881484335718046e-12 0 2 0
P 160 -321 8.2991987466812134e-02 8.2958705723285675e-02 2.3830466270446777e+00 2.4364724530005755e+00 4.9367699027061462e-01 1 0 0 0 0
P 161 111 2.1587781608104706e-01 1.4999908208847046e-01 3.2681146264076233e-01 4.4059887606224529e-01 1.3497659564018250e-01 2 0 0 -69 0
V -28 0 2.5700717595777967e-12 1.0838549025296573e-12 1.0287242169226829e-09 1.0287275475917568e-09 0 2 0
P 162 211 -1.8074348568916321e-02 2.9683321714401245e-01 2.0578466796875000e+02 2.0578493017586044e+02 1.3957017660140991e-01 1 0 0 0 0
P 163 111 2.9049265384674072e-01 -2.8643321990966797e-01 1.1834443664550781e+02 1.1834521677531116e+02 1.3497659564018250e-01 2 0 0 -70 0
V -29 0 2.9206962369465739e-12 1.0224092622870828e-12 8.5891939394233674e-11 8.5945167649370546e-11 0 2 0
P 164 211 2.5584173202514648e-01 -2.0607151091098785e-01 4.7997360229492188e+00 4.8129893188794526e+00 1.3957017660140991e-01 1 0 0 0 0
P 165 111 8.4481909871101379e-02 1.9817604124546051e-01 1.9204292297363281e+01 1.9205974910437547e+01 1.3497659564018250e-01 2 0 0 -71 0
V -30 0 5.0094303705172649e-13 3.4080350303986040e-13 4.7543674552841253e-10 4.7548087689364138e-10 0 3 0
P 166 2112 -1.8937525153160095e-01 -5.4296594113111496e-02 4.9761386871337891e+01 4.9770646231168499e+01 9.3957000970840454e-01 1 0 0 0 0
P 167 211 -6.3039585947990417e-02 1.6532713547348976e-02 1.0765525817871094e+01 1.0766627758470122e+01 1.3957017660140991e-01 1 0 0 0 0
P 168 111 -3.9541408419609070e-02 -1.3435479998588562e-01 5.4646255493164062e+01 5.4646601658664856e+01 1.3497659564018250e-01 2 0 0 -72 0
V -31 0 -1.2160666354107952e-12 -2.9942533370276581e-13 -1.0113180293203072e-09 1.0113200277217516e-09 0 2 0
P 169 -211 -2.4902659654617310e-01 -3.0248388648033142e-01 -2.8779147338867188e+02 2.8779177393699808e+02 1.3957017660140991e-01 1 0 0 0 0
P 170 111 -9.4522610306739807e-03 3.2196116447448730e-01 -1.1535930633544922e+02 1.1535983497393732e+02 1.3497659564018250e-01 2 0 0 -73 0
V -32 0 -3.3570776367120025e-12 3.5213047755444649e-12 -2.2875366045838064e-09 2.2875488170370772e-09 0 2 0
P 171 211 -3.4572097659111023e-01 6.2574523687362671e-01 -2.1886267089843750e+02 2.1886388297918660e+02 1.3957017660140991e-01 1 0 0 0 0
P 172 111 -2.7706182003021240e-01 -1.8492037057876587e-01 -1.0475240325927734e+02 1.0475301984225182e+02 1.3497659564018250e-01 2 0 0 -74 0
V -33 0 -3.7380877984105609e-06 -3.6847395676886663e-06 -3.3102661836892366e-04 3.3109416835941374e-04 0 2 0
P 173 22 -9.3374252319335938e-02 -1.2732979655265808e-01 -5.9010825157165527e+00 5.9031945999926121e+00 0 1 0 0 0 0
P 174 22 -2.8385916724801064e-02 7.3073208332061768e-03 -4.8813958168029785e+00 4.8814838192405885e+00 0 1 0 0 0 0
V -34 0 8.2840380605589403e-13 2.0548894617139490e-13 -1.8782241387182985e-11 1.8844550919716596e-11 0 2 0
P 175 -321 -1.1457591503858566e-01 1.8310338258743286e-01 -5.6217393875122070e+00 5.6475061045430195e+00 4.9367699027061462e-01 1 0 0 0 0
P 176 111 2.6896083354949951e-01 -2.0008350908756256e-01 -4.3770923614501953e+00 4.3919846951724111e+00 1.3497659564018250e-01 2 0 0 -75 0
V -35 0 2.9958885849543093e-13 3.8421861720851214e-14 -2.8346529984402125e-11 2.8766817053438309e-11 0 2 0
P 177 -211 2.7145847678184509e-02 -2.5998425483703613e-01 -3.2259988784790039e+00 3.2395798042267265e+00 1.3957017660140991e-01 1 0 0 0 0
P 178 111 1.7960490286350250e-01 3.3540228009223938e-01 -1.4389619827270508e+00 1.4945176077009128e+00 1.3497659564018250e-01 2 0 0 -76 0
V -36 0 1.9098281983653820e-12 1.5112447968382292e-12 -6.5257903247850635e-11 6.5584246367045296e-11 0 2 0
P 179 211 8.3854198455810547e-01 1.1803308129310608e-01 -6.7478146553039551e+00 6.8021736911576713e+00 1.3957017660140991e-01 1 0 0 0 0
P 180 -211 2.6207903027534485e-01 4.5375886559486389e-01 -7.8647408485412598e+00 7.8834136625656051e+00 1.3957017660140991e-01 1 0 0 0 0
V -37 0 1.0439712245721711e-12 -9.7300759029778083e-13 -1.9609976836809651e-11 1.9822749344755586e-11 0 2 0
P 181 -3122 3.4251946210861206e-01 -5.8128231763839722e-01 -1.1086292266845703e+01 1.1162690010839233e+01 1.1155999898910522e+00 1 0 0 0 0
P 182 111 -6.2665387988090515e-02 -1.6721031069755554e-01 -8.1455171108245850e-01 8.4474813421116546e-01 1.3497659564018250e-01 2 0 0 -77 0
V -38 0 9.2120046701893443e-08 -8.2921502553290338e-08 -1.0874873623833992e-06 1.1012919003405841e-06 0 2 0
P 183 22 3.9251357316970825e-01 -2.6516324281692505e-01 -1.8371671438217163e+00 1.8972510547636237e+00 0 1 0 0 0 0
P 184 22 2.1624177694320679e-02 -1.0762532055377960e-01 -3.0516088008880615e+00 3.0535826644030339e+00 0 1 0 0 0 0
V -39 0 7.2191525760795239e-13 8.6642829412800215e-13 -2.0101113482051680e-11 2.1506475419985627e-11 0 2 0
P 185 211 2.5832569599151611e-01 5.0030265003442764e-02 -7.2969549894332886e-01 7.8814373562220130e-01 1.3957017660140991e-01 1 0 0 0 0
P 186 -211 -4.9459981918334961e-01 9.4078425318002701e-03 -1.4069163799285889e+00 1.4978688270156435e+00 1.3957017660140991e-01 1 0 0 0 0
V -40 0 7.4480790317466017e-06 1.6627631339360960e-05 -4.8134334065252915e-06 2.1860969354747795e-05 0 2 0
P 187 22 5.4214365780353546e-02 2.0473882555961609e-01 -7.7008292078971863e-02 2.2536073570481863e-01 0 1 0 0 0 0
P 188 22 3.6512978374958038e-02 -2.1924823522567749e-03 1.8374396488070488e-02 4.0934374491079353e-02 0 1 0 0 0 0
V -41 0 3.0714327294845134e-05 5.0515500333858654e-06 -1.6690815391484648e-04 1.7015117919072509e-04 0 2 0
P 189 22 6.7135259509086609e-02 -1.0414297692477703e-02 -1.7160224914550781e-01 1.8456146016321198e-01 0 1 0 0 0 0
P 190 22 3.0485898256301880e-01 7.1595758199691772e-02 -1.8498929738998413e+00 1.8762113331726644e+00 0 1 0 0 0 0
V -42 0 1.3671231030923381e-12 7.5516437721134810e-13 -8.9441587816652124e-12 1.4485812722953018e-11 0 2 0
P 191 211 3.8895112276077271e-01 -1.7056736350059509e-01 -2.0678019523620605e-01 4.9255871195917555e-01 1.3957017660140991e-01 1 0 0 0 0
P 192 -211 1.0230956971645355e-01 4.4658350944519043e-01 -5.4596352577209473e-01 7.2626447292566487e-01 1.3957017660140991e-01 1 0 0 0 0
V -43 0 2.4500761662549220e-12 -8.1901641772828132e-14 -6.6186544092627919e-12 8.9266493502604405e-12 0 2 0
P 193 311 1.8382930755615234e-01 -1.5945786237716675e-01 -5.2504473924636841e-01 7.6326104718892163e-01 4.9766999483108521e-01 2 0 0 -78 0
P 194 -311 1.3389638066291809e-01 4.4032752513885498e-02 -6.0117989778518677e-01 7.9306986911920829e-01 4.9766999483108521e-01 2 0 0 -79 0
V -44 0 3.0856068568285711e-12 1.1246135722979209e-13 -6.2356690991305364e-12 7.2455218907974128e-12 0 2 0
P 195 -211 7.2946059703826904e-01 2.2855103015899658e-01 -1.2702094316482544e+00 1.4890467321286114e+00 1.3957017660140991e-01 1 0 0 0 0
P 196 111 2.8721433877944946e-01 -3.9236202836036682e-01 -1.0596212148666382e+00 1.1736506456631979e+00 1.3497659564018250e-01 2 0 0 -80 0
V -45 0 3.7187437916356980e-13 8.5220009217804038e-13 8.8034928739239016e-13 1.6772687839311518e-12 0 2 0
P 197 -211 2.3339432477951050e-01 2.8713777661323547e-01 2.2744831442832947e-01 4.5621659716686430e-01 1.3957017660140991e-01 1 0 0 0 0
P 198 111 -4.0468066930770874e-01 6.2133520841598511e-02 -3.4817539155483246e-02 4.3250197794572620e-01 1.3497659564018250e-01 2 0 0 -81 0
V -46 0 -1.1927771265618503e-04 7.0905756729189306e-05 -3.3247604733332992e-05 1.5466265904251486e-04 0 2 0
P 199 22 -1.4467659592628479e-01 1.5419834852218628e-01 -1.8254581838846207e-02 2.1223024726437617e-01 0 1 0 0 0 0
P 200 22 -1.2514229118824005e-01 6.1980374157428741e-03 -5.6955046951770782e-02 1.3763315765079151e-01 0 1 0 0 0 0
V -47 0 1.6298884984722317e-12 9.2362088029845912e-13 4.8198298650825588e-12 5.4615201250385326e-12 0 2 0
P 201 311 1.4362959563732147e-01 1.5133196115493774e-01 9.8968666791915894e-01 1.1272470659185767e+00 4.9766999483108521e-01 2 0 0 -82 0
P 202 -311 3.0674779415130615e-01 1.3081073760986328e-01 1.4953417778015137e+00 1.6108780569877077e+00 4.9766999483108521e-01 2 0 0 -83 0
V -48 0 1.6057943863501123e-09 3.1608643480396381e-10 1.7894519643846252e-08 1.7974738142356728e-08 0 1 0
P 203 130 1.7895504236221313e+00 3.5175177454948425e-01 1.9944908142089844e+01 2.0034300599603366e+01 4.9761399626731873e-01 1 0 0 0 0
V -49 0 -8.9339613623451442e-05 1.3067727195448242e-05 4.4589253957383335e-04 4.5735287130810320e-04 0 2 0
P 204 22 -1.0867469012737274e-01 6.5074302256107330e-04 8.4697145223617554e-01 8.5391524909900640e-01 0 1 0 0 0 0
P 205 22 -1.4846898615360260e-01 3.6961719393730164e-02 4.3642830848693848e-01 4.6247040661948285e-01 0 1 0 0 0 0
V -50 0 1.7778996330708452e-10 9.9406961828751861e-11 2.7165583116328662e-09 2.7306099603663370e-09 0 1 0
P 206 310 4.7021150588989258e-01 2.6270112395286560e-01 7.2023973464965820e+00 7.2396310656620804e+00 4.9761399626731873e-01 1 0 0 0 0
V -51 0 -3.1494095310335979e-05 -7.5306838880351279e-06 1.7677785363048315e-03 1.7681892495602369e-03 0 2 0
P 207 22 -1.9396501779556274e-01 -2.7765855193138123e-02 1.1494748115539551e+01 1.1496418033915742e+01 0 1 0 0 0 0
P 208 22 -1.7607100307941437e-02 -2.2824039682745934e-02 3.8089540600776672e-01 3.8198462938515593e-01 0 1 0 0 0 0
V -52 0 -1.4411765509279861e-13 2.9605197416834872e-13 2.4071974968897791e-10 2.4099547357714357e-10 0 2 0
P 209 -2112 -1.2493118047714233e+00 -4.2672544717788696e-01 3.0975063323974609e+01 3.1017417918327613e+01 9.3957000970840454e-01 1 0 0 0 0
P 210 211 -2.3737102746963501e-02 -4.0266357362270355e-02 7.2834558486938477e+00 7.2849429485515680e+00 1.3957017660140991e-01 1 0 0 0 0
V -53 0 8.7684269567400719e-12 5.8590419842186048e-12 8.0108070177331570e-10 8.0268042212949808e-10 0 3 0
P 211 221 5.4983861744403839e-02 7.3071658611297607e-02 1.2900589942932129e+01 1.2912541441171747e+01 5.4785299301147461e-01 2 0 0 -84 0
P 212 111 1.0801641643047333e-01 2.3792970925569534e-02 1.7210936546325684e+00 1.7299178307281100e+00 1.3497659564018250e-01 2 0 0 -85 0
P 213 111 3.8674224168062210e-02 3.3521980047225952e-02 9.9578696489334106e-01 1.0061956964643575e+00 1.3497659564018250e-01 2 0 0 -86 0
V -54 0 5.6498764024581760e-05 -1.3037390999670606e-05 2.6596465613692999e-03 2.6603066362440586e-03 0 2 0
P 214 22 1.9530160352587700e-02 -2.6726651936769485e-02 8.4655761718750000e-01 8.4720454454949945e-01 0 1 0 0 0 0
P 215 22 6.0196352005004883e-01 -1.1668635904788971e-01 2.8409891128540039e+01 2.8416507345579205e+01 0 1 0 0 0 0
V -55 0 7.2201240212260709e-13 8.1895108099486191e-13 1.2012761618773737e-10 1.2014145234218176e-10 0 2 0
P 216 -211 1.2510287761688232e-01 8.4334112703800201e-02 5.9708492279052734e+01 5.9708846020036681e+01 1.3957017660140991e-01 1 0 0 0 0
P 217 111 -1.8419533967971802e-01 1.2789871543645859e-02 6.0571126937866211e+00 6.0614292349721826e+00 1.3497659564018250e-01 2 0 0 -87 0
V -56 0 1.5929161201883035e-12 4.1938371178606992e-12 1.2801145699015137e-09 1.2801886217772562e-09 0 2 0
P 218 -321 2.9642775654792786e-01 5.4277539253234863e-02 6.3663433074951172e+01 6.3666060372270785e+01 4.9367699027061462e-01 1 0 0 0 0
P 219 211 -2.1295548975467682e-01 2.3032614588737488e-01 2.4069530487060547e+01 2.4071979101765390e+01 1.3957017660140991e-01 1 0 0 0 0
V -57 0 2.4772727272304174e-12 -1.6430585191018476e-12 1.7531275320337159e-09 1.7532060248015569e-09 0 3 0
P 220 211 -3.0674172565340996e-02 -2.1026371419429779e-01 1.6270971298217773e+01 1.6272957277520039e+01 1.3957017660140991e-01 1 0 0 0 0
P 221 -211 2.5119006633758545e-01 6.6506646573543549e-02 3.4890045166015625e+01 3.4891291909361449e+01 1.3957017660140991e-01 1 0 0 0 0
P 222 111 -1.1760929226875305e-01 4.1801888495683670e-02 3.3647403717041016e+01 3.3647905951521352e+01 1.3497659564018250e-01 2 0 0 -88 0
V -58 0 4.1153035840180152e-12 9.2168000662140592e-12 3.3928483134104681e-08 3.3928493792245717e-08 0 3 0
P 223 211 2.7211995795369148e-02 5.4132800549268723e-02 1.0340226745605469e+02 1.0340237940076850e+02 1.3957017660140991e-01 1 0 0 0 0
P 224 -211 2.9469197988510132e-01 1.0353306680917740e-01 7.8353033447265625e+02 7.8353040916171574e+02 1.3957017660140991e-01 1 0 0 0 0
P 225 111 -1.7751444876194000e-01 1.8854701519012451e-01 4.1916021728515625e+02 4.1916031901240035e+02 1.3497659564018250e-01 2 0 0 -89 0
V -59 0 1.6917901541485536e-13 1.8513491521071623e-12 8.5913782754687418e-09 8.5913791636471615e-09 0 2 0
P 226 311 -1.2090143561363220e-01 1.0627579689025879e-01 8.0074645996093750e+02 8.0074663079347340e+02 4.9766999483108521e-01 2 0 0 -90 0
P 227 211 -2.3377701640129089e-02 2.9253855347633362e-01 1.5738465576171875e+03 1.5738465911672038e+03 1.3957017660140991e-01 1 0 0 0 0
V -60 0 3.7959326654180003e-11 -3.4597453374418663e-11 2.4118477881529543e-08 2.4118616437363016e-08 0 1 0
P 228 310 2.9693210124969482e-01 -2.8514203429222107e-01 1.9590325927734375e+02 1.9590432381606058e+02 4.9761399626731873e-01 1 0 0 0 0
V -61 0 -4.7438343244721182e-06 3.2607920275040669e-06 8.7023712694644928e-04 8.7026320397853851e-04 0 2 0
P 229 22 -1.9123180210590363e-01 1.2551973760128021e-01 2.6104269027709961e+01 2.6105271235475062e+01 0 1 0 0 0 0
P 230 22 7.9703740775585175e-03 4.4950097799301147e-04 7.5142817497253418e+00 7.5142859902434784e+00 0 1 0 0 0 0
V -62 0 -3.6462672142079100e-05 -4.2693744035204872e-05 1.7631235823500901e-04 1.8587229715194553e-04 0 2 0
P 231 22 -2.5717586278915405e-01 -2.5515019893646240e-01 1.2251067161560059e+00 1.2775474607188628e+00 0 1 0 0 0 0
P 232 22 -2.2268105298280716e-02 -7.2047673165798187e-02 1.2612229585647583e-01 1.4694750502914097e-01 0 1 0 0 0 0
V -63 0 3.9847232983447611e-05 -1.6327952835126780e-05 -9.3401253223419189e-02 9.3401260673999786e-02 0 2 0
P 233 22 2.2489300370216370e-01 -2.6765998452901840e-02 -4.4248202514648438e+02 4.4248208310734549e+02 0 1 0 0 0 0
P 234 22 4.6817757189273834e-02 -8.4571227431297302e-02 -1.9440344238281250e+02 1.9440346641580851e+02 0 1 0 0 0 0
V -64 0 4.1179720966511013e-08 -3.0130365757941036e-07 -2.7770717861130834e-04 2.7770735323429108e-04 0 2 0
P 235 22 -1.0734100826084614e-02 -1.4512935280799866e-01 -9.0115501403808594e+01 9.0115618907100654e+01 0 1 0 0 0 0
P 236 22 8.0431483685970306e-02 -3.6484616994857788e-01 -3.7991815185546875e+02 3.7991833555545367e+02 0 1 0 0 0 0
V -65 0 3.9427232312316818e-11 -1.5846707279720817e-10 2.1593686838627946e-09 2.1692749818669199e-09 0 1 0
P 237 130 1.6797724366188049e-01 -6.3833105564117432e-01 8.5556936264038086e+00 8.5955334918288884e+00 4.9761399626731873e-01 1 0 0 0 0
V -66 0 -1.9048084141104482e-05 1.7212795455634478e-06 -2.3198002018034458e-03 2.3199499119073153e-03 0 2 0
P 238 22 -1.4495301246643066e-01 -1.6439240425825119e-02 -1.0091292381286621e+01 1.0092346781054557e+01 0 1 0 0 0 0
P 239 22 2.9333047568798065e-03 2.9272843152284622e-02 -7.2047972679138184e+00 7.2048573320615743e+00 0 1 0 0 0 0
V -67 0 -5.0729914846669999e-07 -4.3567587226789328e-07 1.0549768339842558e-03 1.0549770668148994e-03 0 2 0
P 240 22 -1.6353124380111694e-01 -1.2535059452056885e-01 2.4840013122558594e+02 2.4840021668293198e+02 0 1 0 0 0 0
P 241 22 2.1151216700673103e-02 3.0728504061698914e-03 4.7691829681396484e+01 4.7691834470648203e+01 0 1 0 0 0 0
V -68 0 5.6444630899932235e-05 -6.8935820308979601e-05 -5.8551664551487193e-05 1.4845567056909204e-04 0 2 0
P 242 22 8.4538422524929047e-03 3.1620983034372330e-02 -3.8897261023521423e-02 5.0836511800300146e-02 0 1 0 0 0 0
P 243 22 6.5293297171592712e-02 -1.2168835848569870e-01 -3.7602789700031281e-02 1.4312666082776687e-01 0 1 0 0 0 0
V -69 0 3.5248278436483815e-05 2.4491675503668375e-05 5.3361396567197517e-05 7.1940477937459946e-05 0 2 0
P 244 22 1.0957382619380951e-03 1.5138816088438034e-02 9.7545966506004333e-02 9.8719805391262516e-02 0 1 0 0 0 0
P 245 22 2.1478207409381866e-01 1.3486027717590332e-01 2.2926549613475800e-01 3.4187907427908015e-01 0 1 0 0 0 0
V -70 0 2.7152711481903680e-05 -2.6773268473334610e-05 1.1061802506446838e-02 1.1061876080930233e-02 0 2 0
P 246 22 3.6776177585124969e-02 9.7368657588958740e-03 1.3895950317382812e+01 1.3896002393385087e+01 0 1 0 0 0 0
P 247 22 2.5371646881103516e-01 -2.9617005586624146e-01 1.0444849395751953e+02 1.0444922201118844e+02 0 1 0 0 0 0
V -71 0 7.5252505666867364e-06 1.7652582755545154e-05 1.7106273444369435e-03 1.7107770545408130e-03 0 2 0
P 248 22 7.8569673001766205e-02 5.7179722934961319e-02 4.7508001327514648e+00 4.7517938313422077e+00 0 1 0 0 0 0
P 249 22 5.9122368693351746e-03 1.4099630713462830e-01 1.4453491210937500e+01 1.4454180125410710e+01 0 1 0 0 0 0
V -72 0 -1.7772178750874446e-07 -6.0386895484043634e-07 2.4561281315982342e-04 2.4561435566283762e-04 0 2 0
P 250 22 -3.2501414418220520e-02 -1.3834606111049652e-01 5.4442543029785156e+01 5.4442728509182679e+01 0 1 0 0 0 0
P 251 22 -7.0399972610175610e-03 3.9912541396915913e-03 2.0370897650718689e-01 2.0386966125602987e-01 0 1 0 0 0 0
V -73 0 -9.0781088601943338e-07 3.0921644793124869e-05 -1.1079287156462669e-02 1.1079336516559124e-02 0 2 0
P 252 22 5.9050764888525009e-02 1.9594764709472656e-01 -6.3140987396240234e+01 6.3141319053733774e+01 0 1 0 0 0 0
P 253 22 -6.8503022193908691e-02 1.2601351737976074e-01 -5.2218318939208984e+01 5.2218515920194093e+01 0 1 0 0 0 0
V -74 0 -1.0656953236320987e-05 -7.1128029048850294e-06 -4.0292153134942055e-03 4.0292390622198582e-03 0 2 0
P 254 22 -2.0263361930847168e-01 -5.5475544184446335e-02 -6.0944934844970703e+01 6.0945296957003997e+01 0 1 0 0 0 0
P 255 22 -7.4428200721740723e-02 -1.2944482266902924e-01 -4.3807464599609375e+01 4.3807719070561149e+01 0 1 0 0 0 0
V -75 0 4.1023558878805488e-06 -3.0517958293785341e-06 -6.6762106143869460e-05 6.6989261540584266e-05 0 2 0
P 256 22 1.4531013369560242e-01 -9.7421973943710327e-02 -1.4556612968444824e+00 1.4661363807956895e+00 0 1 0 0 0 0
P 257 22 1.2365071475505829e-01 -1.0266153514385223e-01 -2.9214315414428711e+00 2.9258487899060674e+00 0 1 0 0 0 0
V -76 0 5.8699960447938793e-08 1.0961842633605556e-07 -4.7031940653141646e-07 4.8847687139641494e-07 0 2 0
P 258 22 1.2681478261947632e-01 3.2044985890388489e-01 -1.1556787490844727e+00 1.2059699300761177e+00 0 1 0 0 0 0
P 259 22 5.2790127694606781e-02 1.4952417463064194e-02 -2.8328320384025574e-01 2.8854764935449140e-01 0 1 0 0 0 0
V -77 0 -7.2545576585980598e-06 -1.9357368728378788e-05 -9.4297894975170493e-05 9.7793628810904920e-05 0 2 0
P 260 22 2.1899659186601639e-02 -2.5286551564931870e-02 -3.5186046361923218e-01 3.5344701246562588e-01 0 1 0 0 0 0
P 261 22 -8.4565043449401855e-02 -1.4192377030849457e-01 -4.6269121766090393e-01 4.9130109510635889e-01 0 1 0 0 0 0
V -78 0 1.8961518119531284e-11 -1.4404316281413365e-11 -5.3777871045213033e-11 7.7479044013895049e-11 0 1 0
P 262 310 1.8382930755615234e-01 -1.5945786237716675e-01 -5.2504473924636841e-01 7.6322453556072734e-01 4.9761399626731873e-01 1 0 0 0 0
V -79 0 1.5409446288416895e-11 4.1798773643686449e-12 -6.4804793475925493e-11 8.5681760297884324e-11 0 1 0
P 263 130 1.3389638066291809e-01 4.4032752513885498e-02 -6.0117989778518677e-01 7.9303472990198665e-01 4.9761399626731873e-01 1 0 0 0 0
V -80 0 6.2285853346111253e-06 -8.5088349806028418e-06 -2.2979145796853118e-05 2.5452009140281007e-05 0 2 0
P 264 22 2.9300194978713989e-01 -3.7227511405944824e-01 -1.0470947027206421e+00 1.1492807401121237e+00 0 1 0 0 0 0
P 265 22 -5.7875774800777435e-03 -2.0086919888854027e-02 -1.2526541948318481e-02 2.4369953978046924e-02 0 1 0 0 0 0
V -81 0 -1.4084379654377699e-04 2.1624753571813926e-05 -1.2117784535803366e-05 1.5052662638481706e-04 0 2 0
P 266 22 -5.8592580258846283e-02 5.1904670894145966e-02 -3.6243252456188202e-02 8.6259832312739509e-02 0 1 0 0 0 0
P 267 22 -3.4608808159828186e-01 1.0228857398033142e-02 1.4257114380598068e-03 3.4624214417247495e-01 0 1 0 0 0 0
V -82 0 5.6395752651150488e-11 5.8626388466098689e-11 3.8218664344391584e-10 4.3527056958758692e-10 0 1 0
P 268 130 1.4362959563732147e-01 1.5133196115493774e-01 9.8968666791915894e-01 1.1272223441486593e+00 4.9761399626731873e-01 1 0 0 0 0
V -83 0 2.8944098853789235e-11 1.2571600878363842e-11 1.3797181452890328e-10 1.4889983690480335e-10 0 1 0
P 269 130 3.0674779415130615e-01 1.3081073760986328e-01 1.4953417778015137e+00 1.6108607574866460e+00 4.9761399626731873e-01 1 0 0 0 0
V -84 0 1.0519098481154288e-08 1.3973727064353625e-08 2.4667876914463704e-06 2.4690739337529521e-06 0 2 0
P 270 22 -1.7457220703363419e-02 7.7747896313667297e-02 1.2681267738342285e+01 1.2681518085050257e+01 0 1 0 0 0 0
P 271 22 7.2441078722476959e-02 -4.6762423589825630e-03 2.1932202577590942e-01 2.3102321987091412e-01 0 1 0 0 0 0
V -85 0 1.6808353393571451e-05 3.7024105949967634e-06 2.6781877386383712e-04 2.6919189258478582e-04 0 2 0
P 272 22 1.4560092240571976e-03 5.7014375925064087e-02 3.8938573002815247e-01 3.9354034834377821e-01 0 1 0 0 0 0
P 273 22 1.0656039416790009e-01 -3.3221404999494553e-02 1.3317078351974487e+00 1.3363773934340681e+00 0 1 0 0 0 0
V -86 0 3.7352667732193368e-06 3.2376465242123231e-06 9.6176518127322197e-05 9.7181815363001078e-05 0 2 0
P 274 22 -4.3439120054244995e-02 -1.1603290215134621e-02 4.6815565228462219e-01 4.7030980030288955e-01 0 1 0 0 0 0
P 275 22 8.2113347947597504e-02 4.5125268399715424e-02 5.2763122320175171e-01 5.3588580822474330e-01 0 1 0 0 0 0
V -87 0 -1.5592377167195082e-04 1.0826795005414169e-05 5.1274253055453300e-03 5.1310798153281212e-03 0 2 0
P 276 22 -1.0706762224435806e-01 -3.1139835715293884e-02 1.8356311321258545e+00 1.8390146324407215e+00 0 1 0 0 0 0
P 277 22 -7.7127724885940552e-02 4.3929707258939743e-02 4.2214813232421875e+00 4.2224143647454291e+00 0 1 0 0 0 0
V -88 0 -1.1981518582615536e-05 4.2585925257299095e-06 3.4278526436537504e-03 3.4279036335647106e-03 0 2 0
P 278 22 -6.9393657147884369e-02 4.1704341769218445e-02 7.1498608589172363e+00 7.1503192259962409e+00 0 1 0 0 0 0
P 279 22 -4.8215631395578384e-02 9.7543001174926758e-05 2.6497543334960938e+01 2.6497587202323881e+01 0 1 0 0 0 0
V -89 0 -2.1575340724666603e-05 2.2916268790140748e-05 5.0945326685905457e-02 5.0945337861776352e-02 0 2 0
P 280 22 -7.5091570615768433e-02 1.6122266650199890e-01 2.1198637390136719e+02 2.1198644850872526e+02 0 1 0 0 0 0
P 281 22 -1.0242287069559097e-01 2.7324348688125610e-02 2.0717381286621094e+02 2.0717383998610504e+02 0 1 0 0 0 0
V -90 0 -1.0088151668197209e-11 1.0867834410177579e-11 7.6527044257090893e-08 7.6527065573372965e-08 0 1 0
P 282 310 -1.2090143561363220e-01 1.0627579689025879e-01 8.0074645996093750e+02 8.0074663075867193e+02 4.9761399626731873e-01 1 0 0 0 0
E 1 -1 -1.0000000000000000e+00 -1.0000000000000000e+00 -1.0000000000000000e+00 101 -1 74 1 2 0 0
U GEV MM
C 7.9948295593261719e+10 0.0000000000000000e+00
H 1 1 1 1 0 0 2 0 1 8.9077293872833252e-01 8.4859538078308105e-01 -1.0000000000000000e+00 7.9948292096000000e+10
F 0 0 0 0 0 0 0 0 0
V -1 0 1.2196550193410705e-12 9.0573680283298486e-13 1.9783436000508914e-10 1.9783498450554049e-10 2 78 0
P 1 2212 0 0 7.0000000000000000e+03 7.0000000628835232e+03 9.3827998638153076e-01 4 0 0 -1 0
P 2 2212 0 0 -7.0000000000000000e+03 7.0000000628835232e+03 9.3827998638153076e-01 4 0 0 -1 0
P 3 111 2.1291255950927734e-01 1.1771884560585022e-01 9.6707862854003906e+01 9.6708263069681934e+01 1.3497659564018250e-01 2 0 0 -2 0
P 4 211 -5.1742792129516602e-02 1.4361202716827393e-02 7.3420951843261719e+01 7.3421104138833499e+01 1.3957017660140991e-01 1 0 0 0 0
P 5 111 -1.4883789420127869e-01 7.7286884188652039e-02 5.7933712005615234e+01 5.7934111984323671e+01 1.3497659564018250e-01 2 0 0 -3 0
P 6 -11216 2.3087401688098907e-01 2.5079892948269844e-02 2.4232507324218750e+03 2.4232515184961999e+03 1.9379832744598389e+00 2 0 0 -4 0
P 7 221 1.1394453048706055e-01 3.5437023639678955e-01 4.4754749298095703e+01 4.4759650236097926e+01 5.4785299301147461e-01 2 0 0 -5 0
P 8 -213 2.7919411659240723e-01 -5.2011169493198395e-02 3.2579650878906250e+01 3.2590116456162079e+01 7.7548998594284058e-01 2 0 0 -6 0
P 9 2114 -2.9471957683563232e-01 1.1774062365293503e-01 1.6201675415039062e+02 1.6202174907059575e+02 1.2319999933242798e+00 2 0 0 -7 0
P 10 -1114 -4.2582926154136658e-01 -1.2372370809316635e-01 7.9592811584472656e+01 7.9603581062794191e+01 1.2319999933242798e+00 2 0 0 -8 0
P 11 -1114 1.7709983885288239e-01 3.6577552556991577e-01 4.4221839308738708e-01 1.3705973802555882e+00 1.2319999933242798e+00 2 0 0 -9 0
P 12 311 -6.0226172208786011e-01 1.1552443355321884e-01 -1.7801995575428009e-01 8.0958730538587076e-01 4.9766999483108521e-01 2 0 0 -10 0
P 13 -321 9.3868809938430786e-01 -2.5539791584014893e-01 -1.0882291793823242e+00 1.5408838895007617e+00 4.9367699027061462e-01 1 0 0 0 0
P 14 213 -3.9661049842834473e-01 1.8163040280342102e-01 -2.2925548553466797e+00 2.4591628603566247e+00 7.7548998594284058e-01 2 0 0 -11 0
P 15 -211 -4.9303445219993591e-01 3.2490331679582596e-02 -8.0224251747131348e-01 9.5247650036313214e-01 1.3957017660140991e-01 1 0 0 0 0
P 16 113 6.1947166919708252e-01 -5.7425069808959961e-01 -9.7007957458496094e+01 9.7014734468537725e+01 7.7548998594284058e-01 2 0 0 -12 0
P 17 111 -2.9390645027160645e-01 -1.2931609526276588e-02 -4.0302520751953125e+02 4.0302533749513896e+02 1.3497659564018250e-01 2 0 0 -13 0
P 18 311 2.1293547004461288e-02 -6.6773694753646851e-01 -1.4655632019042969e+02 1.4655868786677149e+02 4.9766999483108521e-01 2 0 0 -14 0
P 19 -323 -8.7824001908302307e-02 -6.7934840917587280e-01 -1.4330752563476562e+02 1.4331192116166221e+02 8.8916599750518799e-01 2 0 0 -15 0
P 20 323 5.1789653301239014e-01 1.6502714157104492e-01 -5.3568367004394531e+01 5.3578503249577487e+01 8.8916599750518799e-01 2 0 0 -16 0
P 21 1114 -6.9800913333892822e-01 -8.2869452238082886e-01 -1.4289685249328613e+01 1.4383562836449087e+01 1.2319999933242798e+00 2 0 0 -17 0
P 22 -213 3.8481077551841736e-01 2.8270873427391052e-01 -2.1409914493560791e+00 2.3266354819574366e+00 7.7548998594284058e-01 2 0 0 -18 0
P 23 221 -2.1426811814308167e-02 -2.1308784186840057e-01 -3.7583286762237549e+00 3.8040823962020185e+00 5.4785299301147461e-01 2 0 0 -19 0
P 24 213 5.8580851554870605e-01 -3.8734412193298340e-01 -3.4186158180236816e+00 3.5751259999089213e+00 7.7548998594284058e-01 2 0 0 -20 0
P 25 113 -1.9474315643310547e-01 7.4908889830112457e-02 -2.2675380706787109e+00 2.4055456468394167e+00 7.7548998594284058e-01 2 0 0 -21 0
P 26 22124 6.4424109458923340e-01 -5.4689985513687134e-01 -2.9492514133453369e+00 3.5687780008962142e+00 1.8231693506240845e+00 2 0 0 -22 0
P 27 -2214 4.4185319542884827e-01 -1.0067971795797348e-01 -5.0531643629074097e-01 1.4066056079283138e+00 1.2319999933242798e+00 2 0 0 -23 0
P 28 1114 -3.3690977096557617e-01 -6.2903398275375366e-01 8.5692996978759766e+00 8.6867665584381548e+00 1.2319999933242798e+00 2 0 0 -24 0
P 29 331 -3.9090546965599060e-01 -1.1985410004854202e-01 5.1068449020385742e+00 5.2119458439414510e+00 9.5778000354766846e-01 2 0 0 -25 0
P 30 221 -5.3786712884902954e-01 -3.9571222662925720e-01 5.6359839439392090e+00 5.7017845568639629e+00 5.4785299301147461e-01 2 0 0 -26 0
P 31 333 -6.3520809635519981e-03 1.9951468706130981e-01 1.6470196247100830e+00 1.9472566628183219e+00 1.0194549560546875e+00 2 0 0 -27 0
P 32 -321 -8.0895048379898071e-01 -3.7963247299194336e-01 -1.6729398965835571e+00 1.9598384035660283e+00 4.9367699027061462e-01 1 0 0 0 0
P 33 211 1.3299241065979004e+00 5.8638322353363037e-01 -6.9346704483032227e+00 7.0867254409154645e+00 1.3957017660140991e-01 1 0 0 0 0
P 34 311 -1.3621442317962646e+00 -4.5873299241065979e-01 -2.2411293029785156e+02 2.2411809180648487e+02 4.9766999483108521e-01 2 0 0 -28 0
P 35 223 2.2532828152179718e-01 -3.8967780768871307e-02 -1.0379736423492432e+00 1.3156995564721448e+00 7.7548998594284058e-01 2 0 0 -29 0
P 36 223 7.4928067624568939e-02 3.5184714198112488e-01 -2.7444427013397217e+00 2.8745018848267843e+00 7.7548998594284058e-01 2 0 0 -30 0
P 37 111 2.2159369289875031e-01 -5.1719921827316284e-01 -6.6109871864318848e+00 6.6362616778312811e+00 1.3497659564018250e-01 2 0 0 -31 0
P 38 211 1.3643622398376465e-01 -2.5307300686836243e-01 -1.9098848876953125e+03 1.9098849144353071e+03 1.3957017660140991e-01 1 0 0 0 0
P 39 111 -1.5269273519515991e-01 3.0994233489036560e-01 -4.0158206176757812e+02 4.0158223308744954e+02 1.3497659564018250e-01 2 0 0 -32 0
P 40 221 1.4193202555179596e-01 -4.2565155029296875e-01 -4.7103707885742188e+02 4.7103761115793839e+02 5.4785299301147461e-01 2 0 0 -33 0
P 41 221 -1.2725100852549076e-02 2.8639784455299377e-01 -2.1506423950195312e+02 2.1506512837070764e+02 5.4785299301147461e-01 2 0 0 -34 0
P 42 -211 -5.1388359069824219e-01 4.7506994009017944e-01 6.2445202636718750e+02 6.2445243412265881e+02 1.3957017660140991e-01 1 0 0 0 0
P 43 223 6.9351315498352051e-01 2.6509010791778564e-01 3.0033071899414062e+02 3.0033263790257161e+02 7.7548998594284058e-01 2 0 0 -35 0
P 44 213 -1.6922434568405151e+00 1.3532805442810059e+00 9.8674682617187500e+02 9.8674950995738311e+02 7.7548998594284058e-01 2 0 0 -36 0
P 45 -321 -1.8289975821971893e-01 3.4193262457847595e-01 3.7564425659179688e+02 3.7564478113986326e+02 4.9367699027061462e-01 1 0 0 0 0
P 46 3112 -1.9588798284530640e-01 -8.9853769540786743e-01 -8.5746740722656250e+02 8.5746873643569825e+02 1.1973999738693237e+00 1 0 0 0 0
P 47 111 1.2638433277606964e-01 -1.2620404362678528e-01 -2.2857373046875000e+02 2.2857384010324179e+02 1.3497659564018250e-01 2 0 0 -37 0
P 48 321 3.3538323640823364e-01 1.0548220947384834e-02 -2.7477957153320312e+02 2.7478021988877157e+02 4.9367699027061462e-01 1 0 0 0 0
P 49 -211 6.2606698274612427e-01 1.1634522676467896e+00 -3.1238815307617188e+02 3.1239097817194079e+02 1.3957017660140991e-01 1 0 0 0 0
P 50 211 -1.1909735947847366e-01 -8.4033580496907234e-03 -1.7623217773437500e+02 1.7623227344510994e+02 1.3957017660140991e-01 1 0 0 0 0
P 51 -211 7.9974867403507233e-02 4.4763669371604919e-02 -6.6474861145019531e+01 6.6475070845011786e+01 1.3957017660140991e-01 1 0 0 0 0
P 52 211 8.3405725657939911e-02 7.6036569662392139e-03 -3.4778857421875000e+02 3.4778861230821786e+02 1.3957017660140991e-01 1 0 0 0 0
P 53 -311 5.7035289704799652e-02 1.6211436688899994e-01 -1.8031274414062500e+02 1.8031351282984443e+02 4.9766999483108521e-01 2 0 0 -38 0
P 54 211 -3.8108620047569275e-01 6.7746512591838837e-02 -3.8493103027343750e+01 3.8495302009336910e+01 1.3957017660140991e-01 1 0 0 0 0
P 55 -211 -6.1774289608001709e-01 3.2704153656959534e-01 -8.0835845947265625e+01 8.0838988318116378e+01 1.3957017660140991e-01 1 0 0 0 0
P 56 211 1.0056009888648987e-01 -2.0111690461635590e-01 -3.7357402801513672e+01 3.7358340223456779e+01 1.3957017660140991e-01 1 0 0 0 0
P 57 111 -5.3297710418701172e-01 5.8069705963134766e-01 -8.0813446044921875e+01 8.0817402544288214e+01 1.3497659564018250e-01 2 0 0 -39 0
P 58 211 -6.8257190287113190e-02 2.2785092890262604e-01 -1.5009388923645020e+01 1.5011922288143582e+01 1.3957017660140991e-01 1 0 0 0 0
P 59 111 -3.7391927838325500e-01 -6.4214527606964111e-01 -2.9161882400512695e+01 2.9171660391637428e+01 1.3497659564018250e-01 2 0 0 -40 0
P 60 -2112 4.9773547053337097e-01 -6.7254699766635895e-02 -2.6290889739990234e+01 2.6312467366568551e+01 9.3957000970840454e-01 1 0 0 0 0
P 61 211 2.4980755150318146e-01 -9.4624527264386415e-04 -3.6073579788208008e+00 3.6186898360769706e+00 1.3957017660140991e-01 1 0 0 0 0
P 62 -213 1.8939405679702759e-01 2.3919363319873810e-01 -3.3624076843261719e+01 3.3634402209386437e+01 7.7548998594284058e-01 2 0 0 -41 0
P 63 -321 -6.6978460550308228e-01 1.2099658250808716e+00 -5.8568546295166016e+01 5.8586952137957823e+01 4.9367699027061462e-01 1 0 0 0 0
P 64 -1114 1.1909842491149902e+00 1.1390510946512222e-01 -2.4115514755249023e+01 2.4176585651199524e+01 1.2319999933242798e+00 2 0 0 -42 0
P 65 2112 2.7367910370230675e-02 1.0553962737321854e-01 -6.9599962234497070e+00 7.0239751458160606e+00 9.3957000970840454e-01 1 0 0 0 0
P 66 111 1.9131144508719444e-02 -1.3518637418746948e-01 4.9553325772285461e-01 5.3142567432916377e-01 1.3497659564018250e-01 2 0 0 -43 0
P 67 -213 9.7617566585540771e-01 2.8617006540298462e-01 7.9684700965881348e+00 8.0704840397251232e+00 7.7548998594284058e-01 2 0 0 -44 0
P 68 -211 -1.9210024178028107e-01 1.2166726589202881e-01 2.6446132659912109e+00 2.6580377324889373e+00 1.3957017660140991e-01 1 0 0 0 0
P 69 211 -4.4964909553527832e-01 -4.5634457468986511e-01 7.5299530029296875e+00 7.5584460532897193e+00 1.3957017660140991e-01 1 0 0 0 0
P 70 -211 -3.9081093668937683e-01 -4.7711901366710663e-02 3.4205257892608643e+00 3.4459376260987753e+00 1.3957017660140991e-01 1 0 0 0 0
P 71 211 1.3548538088798523e-01 -1.8361689522862434e-02 7.1108293533325195e-01 7.3743624483422221e-01 1.3957017660140991e-01 1 0 0 0 0
P 72 111 6.6274356842041016e-01 1.2759120762348175e-01 2.8193724155426025e+00 2.9021695423662934e+00 1.3497659564018250e-01 2 0 0 -45 0
P 73 323 6.6973692178726196e-01 9.4188308715820312e-01 2.0881189346313477e+01 2.0932041849327423e+01 8.8916599750518799e-01 2 0 0 -46 0
P 74 111 -1.7985230684280396e-01 -3.9263114333152771e-01 3.7758505344390869e+00 3.8028636587162903e+00 1.3497659564018250e-01 2 0 0 -47 0
P 75 -211 5.2883524447679520e-02 3.7044085562229156e-02 7.5574707031250000e+01 7.5574863490613708e+01 1.3957017660140991e-01 1 0 0 0 0
P 76 -211 3.2976052165031433e-01 -1.5365299582481384e-01 3.0787530517578125e+02 3.0787555175453508e+02 1.3957017660140991e-01 1 0 0 0 0
P 77 2212 -2.2446823120117188e-01 -2.8101277351379395e-01 3.9572583007812500e+02 3.9572710586276446e+02 9.3827998638153076e-01 1 0 0 0 0
P 78 2212 -1.7190299928188324e-02 1.1356389150023460e-03 2.1739154052734375e+02 2.1739356604780343e+02 9.3827998638153076e-01 1 0 0 0 0
P 79 111 -9.9103473126888275e-02 -2.5629052519798279e-01 1.2732299804687500e+02 1.2732336610637341e+02 1.3497659564018250e-01 2 0 0 -48 0
P 80 323 -1.8331357836723328e-01 -5.2423143386840820e-01 5.4372473144531250e+02 5.4372574210157882e+02 8.8916599750518799e-01 2 0 0 -49 0
V -2 0 8.1662683442118578e-06 4.5151109588914551e-06 3.7092331331223249e-03 3.7092487327754498e-03 0 2 0
P 81 22 1.9303533434867859e-01 5.6403253227472305e-02 5.8461692810058594e+01 5.8462038710473813e+01 0 1 0 0 0 0
P 82 22 1.9877225160598755e-02 6.1315592378377914e-02 3.8246170043945312e+01 3.8246224359227000e+01 0 1 0 0 0 0
V -3 0 -4.1901792428689077e-05 2.1758298316854052e-05 1.6309866681694984e-02 1.6309980303049088e-02 0 2 0
P 83 22 -1.0454321652650833e-01 4.9244813621044159e-02 1.8277074813842773e+01 1.8277440140418900e+01 0 1 0 0 0 0
P 84 22 -4.4294670224189758e-02 2.8042072430253029e-02 3.9656635284423828e+01 3.9656669936562317e+01 0 1 0 0 0 0
V -4 0 7.5400357615537650e-13 3.8421121752868492e-13 4.8167416721867085e-09 4.8167430044543380e-09 0 2 0
P 85 -12112 2.4029949307441711e-01 -2.8290125727653503e-01 1.7547180175781250e+03 1.7547187190194356e+03 1.5244300365447998e+00 2 0 0 -50 0
P 86 111 -9.4254836440086365e-03 3.0798116326332092e-01 6.6853271484375000e+02 6.6853279947678914e+02 1.3497659564018250e-01 2 0 0 -51 0
V -5 0 7.5150211387153831e-08 2.3371839574792830e-07 2.9517130315070972e-05 2.9520364478230476e-05 0 2 0
P 87 22 3.3096587657928467e-01 1.5919543802738190e-01 2.2725721359252930e+01 2.2728688763264664e+01 0 1 0 0 0 0
P 88 22 -2.1702136099338531e-01 1.9517479836940765e-01 2.2029027938842773e+01 2.2030961472513209e+01 0 1 0 0 0 0
V -6 0 1.0004034276325791e-12 2.0297342094837550e-13 8.2302269166500963e-11 8.2328713291168754e-11 0 2 0
P 89 -211 -1.1224970221519470e-02 1.4876706898212433e-01 2.5171323776245117e+01 2.5172152830529402e+01 1.3957017660140991e-01 1 0 0 0 0
P 90 111 2.9041907191276550e-01 -2.0077824592590332e-01 7.4083232879638672e+00 7.4179598112773659e+00 1.3497659564018250e-01 2 0 0 -52 0
V -7 0 -4.0764510907467799e-14 4.6822907964066962e-13 1.8436895066198389e-10 1.8437462667719728e-10 0 2 0
P 91 2212 -4.4994413852691650e-01 1.7362524569034576e-01 1.3178237915039062e+02 1.3178660182023017e+02 9.3827998638153076e-01 1 0 0 0 0
P 92 -211 1.5522459149360657e-01 -5.5884633213281631e-02 3.0234350204467773e+01 3.0235122455294121e+01 1.3957017660140991e-01 1 0 0 0 0
V -8 0 -5.4978753754458820e-13 8.8881227139521457e-14 1.5792120389157560e-10 1.5794257568479964e-10 0 2 0
P 93 -2112 -1.2112836539745331e-01 1.2738190591335297e-02 5.7196743011474609e+01 5.7204589302487058e+01 9.3957000970840454e-01 1 0 0 0 0
P 94 211 -3.0470088124275208e-01 -1.3646188378334045e-01 2.2396060943603516e+01 2.2398984130905472e+01 1.3957017660140991e-01 1 0 0 0 0
V -9 0 5.1637567919510241e-13 7.9166008601014304e-13 5.5291394292916740e-13 1.7137859057228533e-12 0 2 0
P 95 -2112 2.2862428426742554e-01 7.4319988489151001e-02 3.1946092844009399e-01 1.0210972588294802e+00 9.3957000970840454e-01 1 0 0 0 0
P 96 211 -5.1524464040994644e-02 2.9145544767379761e-01 1.2275741249322891e-01 3.4950002130475905e-01 1.3957017660140991e-01 1 0 0 0 0
V -10 0 -1.0017128099226724e-10 1.9606118811799078e-11 -2.9696790165845144e-11 1.3504597440316957e-10 0 1 0
P 97 310 -6.0226172208786011e-01 1.1552443355321884e-01 -1.7801995575428009e-01 8.0955288312000584e-01 4.9761399626731873e-01 1 0 0 0 0
V -11 0 -8.2721291838963595e-13 8.4922585456836952e-13 -6.4947695659067772e-12 6.9664825123882945e-12 0 2 0
P 98 211 -5.7731920480728149e-01 -7.1113407611846924e-03 -1.4611656665802002e+00 1.5772865861333010e+00 1.3957017660140991e-01 1 0 0 0 0
P 99 111 1.8070872128009796e-01 1.8874171376228333e-01 -8.3138895034790039e-01 8.8187603697561068e-01 1.3497659564018250e-01 2 0 0 -53 0
V -12 0 7.7069665753437544e-13 -1.0673919566142956e-13 -7.4507240654941853e-11 7.4512451764263687e-11 0 2 0
P 100 211 6.8963432312011719e-01 -6.6229331493377686e-01 -8.3296356201171875e+01 8.3301960746199313e+01 1.3957017660140991e-01 1 0 0 0 0
P 101 -211 -7.0162609219551086e-02 8.8042609393596649e-02 -1.3711608886718750e+01 1.3712781351328493e+01 1.3957017660140991e-01 1 0 0 0 0
V -13 0 -2.3592070647282526e-05 -1.0380286994404742e-06 -3.2351110130548477e-02 3.2351117581129074e-02 0 2 0
P 102 22 -8.1179276108741760e-02 -3.6892160773277283e-02 -1.9367077636718750e+02 1.9367079689456423e+02 0 1 0 0 0 0
P 103 22 -2.1272714436054230e-01 2.3960553109645844e-02 -2.0935441589355469e+02 2.0935452534176929e+02 0 1 0 0 0 0
V -14 0 4.3593705034705721e-12 -1.2709505670116528e-10 -2.7968518168108858e-08 2.7968971139102905e-08 0 1 0
P 104 130 2.1293547004461288e-02 -6.6773694753646851e-01 -1.4655632019042969e+02 1.4655868767662761e+02 4.9761399626731873e-01 1 0 0 0 0
V -15 0 -4.2407058225245320e-13 -5.2264408079150115e-12 -1.1730277860166893e-09 1.1730638682649897e-09 0 2 0
P 105 -311 6.1625935137271881e-02 -5.3061687946319580e-01 -6.7012855529785156e+01 6.7016832465495298e+01 4.9766999483108521e-01 2 0 0 -54 0
P 106 -211 -1.4944992959499359e-01 -1.4873145520687103e-01 -7.6294662475585938e+01 7.6295081482524154e+01 1.3957017660140991e-01 1 0 0 0 0
V -16 0 2.4167191685353639e-12 1.0104458502552260e-12 -2.1949221606920588e-10 2.1953375228811467e-10 0 2 0
P 107 321 5.4343163967132568e-01 1.9125607609748840e-01 -5.1416088104248047e+01 5.1421685403613139e+01 4.9367699027061462e-01 1 0 0 0 0
P 108 111 -2.5535162538290024e-02 -2.6228953152894974e-02 -2.1522719860076904e+00 2.1568109295052862e+00 1.3497659564018250e-01 2 0 0 -55 0
V -17 0 -1.9854235443206303e-12 -2.3725609150926363e-12 -4.6674598214169194e-11 4.6981224466335902e-11 0 2 0
P 109 2112 -5.4230833053588867e-01 -6.3325071334838867e-01 -1.3093266487121582e+01 1.3153384503512754e+01 9.3957000970840454e-01 1 0 0 0 0
P 110 -211 -1.5570083260536194e-01 -1.9544380903244019e-01 -1.1964186429977417e+00 1.2301782128099239e+00 1.3957017660140991e-01 1 0 0 0 0
V -18 0 1.5850424271712793e-12 1.2821721765907124e-12 -7.1783750818510406e-12 7.8008892748226977e-12 0 2 0
P 111 -211 -9.2449918389320374e-02 -1.0377650707960129e-01 -1.7829877138137817e-01 2.6568183397532519e-01 1.3957017660140991e-01 1 0 0 0 0
P 112 111 4.7726070880889893e-01 3.8648524880409241e-01 -1.9626927375793457e+00 2.0609536858535304e+00 1.3497659564018250e-01 2 0 0 -56 0
V -19 0 -6.7520855573377503e-09 -6.7151525229292020e-08 -1.1843883385154186e-06 1.1988071264568134e-06 0 3 0
P 113 211 2.2621728479862213e-02 2.6054300367832184e-02 -1.3695129156112671e+00 1.3770388627013024e+00 1.3957017660140991e-01 1 0 0 0 0
P 114 -211 5.4976116865873337e-02 -5.2385345101356506e-02 -4.5978766679763794e-01 4.8646801595048655e-01 1.3957017660140991e-01 1 0 0 0 0
P 115 22 -9.9024653434753418e-02 -1.8675675988197327e-01 -1.9290280342102051e+00 1.9405754626188527e+00 0 1 0 0 0 0
V -20 0 1.0519179928156208e-12 -1.6606387218034285e-13 -4.4166298222847455e-12 4.6189237330740429e-12 0 2 0
P 116 211 6.5807580947875977e-01 -3.1801998615264893e-01 -3.2606439590454102e+00 3.3444699646535221e+00 1.3957017660140991e-01 1 0 0 0 0
P 117 111 -7.2267286479473114e-02 -6.9324165582656860e-02 -1.5797182917594910e-01 2.3065597935593701e-01 1.3497659564018250e-01 2 0 0 -57 0
V -21 0 -4.2627156687270740e-13 6.1143342992842076e-13 -8.3918870116828082e-12 8.9026338384590176e-12 0 2 0
P 118 211 -3.6515331268310547e-01 -7.1005150675773621e-02 -6.1607635021209717e-01 7.3308156208783648e-01 1.3957017660140991e-01 1 0 0 0 0
P 119 -211 1.7041018605232239e-01 1.4591404795646667e-01 -1.6514616012573242e+00 1.6724639893060129e+00 1.3957017660140991e-01 1 0 0 0 0
V -22 0 2.3087462931031810e-12 -1.3753798447369014e-12 -9.2196623599494210e-12 1.1156417803470653e-11 0 3 0
P 120 2212 3.5009235143661499e-01 -1.8173366785049438e-01 -2.1602618694305420e+00 2.3880310839527357e+00 9.3827998638153076e-01 1 0 0 0 0
P 121 111 2.2387142479419708e-01 6.7576609551906586e-02 -2.2195875644683838e-03 2.7001596422708851e-01 1.3497659564018250e-01 2 0 0 -58 0
P 122 111 7.0277303457260132e-02 -4.3274280428886414e-01 -7.8677004575729370e-01 9.1073103621023110e-01 1.3497659564018250e-01 2 0 0 -59 0
V -23 0 7.8527858044311061e-13 2.2247065572123664e-13 -5.6107017903234135e-13 1.5618786645965610e-12 0 2 0
P 123 -2212 2.7207949757575989e-01 4.0072120726108551e-02 -5.8080786466598511e-01 1.1372511316162990e+00 9.3827998638153076e-01 1 0 0 0 0
P 124 111 1.6977369785308838e-01 -1.4075183868408203e-01 7.5491458177566528e-02 2.6935446943396019e-01 1.3497659564018250e-01 2 0 0 -60 0
V -24 0 -2.2101740468176423e-13 -6.2871962410587789e-13 1.3118905267672787e-11 1.3298726703192543e-11 0 2 0
P 125 2112 -3.9696314930915833e-01 -4.0693891048431396e-01 5.6961388587951660e+00 5.8010316945001561e+00 9.3957000970840454e-01 1 0 0 0 0
P 126 -211 6.0053400695323944e-02 -2.2209501266479492e-01 2.8731606006622314e+00 2.8857346165196747e+00 1.3957017660140991e-01 1 0 0 0 0
V -25 0 -2.3091563383648150e-12 -4.6419872069478063e-13 3.4038154239635077e-11 3.4738566190295472e-11 0 2 0
P 127 113 -3.4473973512649536e-01 -2.2319510579109192e-01 4.8817920684814453e+00 4.9600342799632102e+00 7.7548998594284058e-01 2 0 0 -61 0
P 128 22 -4.6165756881237030e-02 1.0334100574254990e-01 2.2505243122577667e-01 2.5191116961526766e-01 0 1 0 0 0 0
V -26 0 -1.3291810319060460e-07 -9.7788564801248867e-08 1.3927714235251187e-06 1.4090321656112792e-06 0 2 0
P 129 22 -4.7848558425903320e-01 -2.3606851696968079e-02 3.5293681621551514e+00 3.5617334770902191e+00 0 1 0 0 0 0
P 130 22 -5.9381484985351562e-02 -3.7210530042648315e-01 2.1066153049468994e+00 2.1400505971591106e+00 0 1 0 0 0 0
V -27 0 2.6477247044159880e-13 1.2776777249048910e-12 7.7877791021530030e-12 9.2073640378664834e-12 0 3 0
P 131 211 6.5927788615226746e-02 1.1440096795558929e-01 1.5230786800384521e-01 2.4517662130247100e-01 1.3957017660140991e-01 1 0 0 0 0
P 132 -211 -1.9634893536567688e-01 1.8514461815357208e-01 1.4588770866394043e+00 1.4901790570829034e+00 1.3957017660140991e-01 1 0 0 0 0
P 133 111 1.2406906485557556e-01 -1.0003090649843216e-01 3.5834908485412598e-02 2.1190124385148457e-01 1.3497659564018250e-01 2 0 0 -62 0
V -28 0 -8.4927215260321987e-10 -2.8577676336460911e-10 -1.3977899016026640e-07 1.3978218760257732e-07 0 1 0
P 134 130 -1.3621442317962646e+00 -4.5873299241065979e-01 -2.2411293029785156e+02 2.2411809168214310e+02 4.9761399626731873e-01 1 0 0 0 0
V -29 0 1.4835299872242858e-12 1.2914822477508997e-13 -5.4710381190703483e-12 6.9351338907730486e-12 0 3 0
P 135 211 -2.2458411753177643e-02 1.7416711151599884e-01 -2.9555800557136536e-01 3.7104303233745495e-01 1.3957017660140991e-01 1 0 0 0 0
P 136 -211 2.8051048517227173e-01 -1.6029970347881317e-01 -7.1018207073211670e-01 7.9260364307318487e-01 1.3957017660140991e-01 1 0 0 0 0
P 137 111 -3.2723780721426010e-02 -5.2835166454315186e-02 -3.2233655452728271e-02 1.5205292023969055e-01 1.3497659564018250e-01 2 0 0 -63 0
V -30 0 6.3025859487961244e-13 1.9107224483172480e-12 -1.2296838027003876e-11 1.2879591490544406e-11 0 3 0
P 138 211 -1.0594243556261063e-01 -1.0878527164459229e-01 -1.1362476348876953e+00 1.1548145119300137e+00 1.3957017660140991e-01 1 0 0 0 0
P 139 -211 2.2145714610815048e-03 2.2394424676895142e-01 -9.3921822309494019e-01 9.7558527806534412e-01 1.3957017660140991e-01 1 0 0 0 0
P 140 111 1.7865592241287231e-01 2.3668813705444336e-01 -6.6897684335708618e-01 7.4410208382595056e-01 1.3497659564018250e-01 2 0 0 -64 0
V -31 0 3.2358584576286376e-06 -7.5524858402786776e-06 -9.6538024081382900e-05 9.6907097031362355e-05 0 2 0
P 141 22 1.4052630960941315e-01 -3.4113913774490356e-01 -5.0137786865234375e+00 5.0273353053511824e+00 0 1 0 0 0 0
P 142 22 8.1067398190498352e-02 -1.7606009542942047e-01 -1.5972081422805786e+00 1.6089260175717746e+00 0 1 0 0 0 0
V -32 0 -2.5843166895356262e-06 5.2457576202868950e-06 -6.7967553623020649e-03 6.7967586219310760e-03 0 2 0
P 143 22 -6.2770903110504150e-02 1.5878391265869141e-01 -1.2669252777099609e+02 1.2669264282317980e+02 0 1 0 0 0 0
P 144 22 -8.9921817183494568e-02 1.5115842223167419e-01 -2.7488949584960938e+02 2.7488955211730809e+02 0 1 0 0 0 0
V -33 0 3.9494105763537846e-09 -1.1845420644363003e-08 -1.3108083294355310e-05 1.3108096936775837e-05 0 3 0
P 145 111 2.3332396522164345e-02 -2.2681617736816406e-01 -1.5305680847167969e+02 1.5305703782641572e+02 1.3497659564018250e-01 2 0 0 -65 0
P 146 111 6.2662065029144287e-02 -2.4193195998668671e-01 -1.9004554748535156e+02 1.9004575974037422e+02 1.3497659564018250e-01 2 0 0 -66 0
P 147 111 5.5937580764293671e-02 4.3096564710140228e-02 -1.2793476104736328e+02 1.2793485173811764e+02 1.3497659564018250e-01 2 0 0 -67 0
V -34 0 -6.1003546658611185e-10 1.3722861069709325e-08 -1.0305136129318271e-05 1.0305178875569254e-05 0 3 0
P 148 211 3.2107289880514145e-02 6.0365304350852966e-02 -7.4008842468261719e+01 7.4009005655894399e+01 1.3957017660140991e-01 1 0 0 0 0
P 149 -211 -1.3400618918240070e-02 1.5831087529659271e-01 -3.6546031951904297e+01 3.6546643801772426e+01 1.3957017660140991e-01 1 0 0 0 0
P 150 111 -3.1431775540113449e-02 6.7721650004386902e-02 -1.0450935363769531e+02 1.0450946746887873e+02 1.3497659564018250e-01 2 0 0 -68 0
V -35 0 3.4938588480692978e-12 1.5569008755822455e-12 1.3847473168127067e-09 1.3847560875746012e-09 0 3 0
P 151 211 1.0424081236124039e-01 -1.5830460190773010e-01 5.5230514526367188e+01 5.5231016115724330e+01 1.3957017660140991e-01 1 0 0 0 0
P 152 -211 1.6566881537437439e-01 5.7763010263442993e-03 7.9038314819335938e+01 7.9038611885816266e+01 1.3957017660140991e-01 1 0 0 0 0
P 153 111 4.2360353469848633e-01 4.1761839389801025e-01 1.6606188964843750e+02 1.6606300990096722e+02 1.3497659564018250e-01 2 0 0 -69 0
V -36 0 -7.5963089984920629e-12 6.6448955712838931e-12 4.6013695076396743e-09 4.6013819421375501e-09 0 2 0
P 154 211 -8.2349824905395508e-01 7.2538745403289795e-01 3.4479565429687500e+02 3.4479742899007960e+02 1.3957017660140991e-01 1 0 0 0 0
P 155 111 -8.6874532699584961e-01 6.2789309024810791e-01 6.4195111083984375e+02 6.4195201993246098e+02 1.3497659564018250e-01 2 0 0 -70 0
V -37 0 1.3834076526109129e-05 -1.3814342310070060e-05 -2.5019766762852669e-02 2.5019779801368713e-02 0 2 0
P 156 22 3.0162921175360680e-03 -3.0279506463557482e-03 -2.1192476153373718e-01 2.1196785382313621e-01 0 1 0 0 0 0
P 157 22 1.2336804717779160e-01 -1.2317609041929245e-01 -2.2836180114746094e+02 2.2836186769103287e+02 0 1 0 0 0 0
V -38 0 2.6554645635168406e-11 7.4609783629053794e-11 -8.2588307748210354e-08 8.2588655914150877e-08 0 1 0
P 158 310 5.7035289704799652e-02 1.6211436688899994e-01 -1.8031274414062500e+02 1.8031351267529564e+02 4.9761399626731873e-01 1 0 0 0 0
V -39 0 -8.9924673375207931e-05 9.7976058896165341e-05 -1.3634962029755116e-02 1.3635628856718540e-02 0 2 0
P 159 22 -4.3469306826591492e-01 5.2778244018554688e-01 -7.2087036132812500e+01 7.2090278753665402e+01 0 1 0 0 0 0
P 160 22 -9.8284080624580383e-02 5.2914630621671677e-02 -8.7264251708984375e+00 8.7271390490771878e+00 0 1 0 0 0 0
V -40 0 -5.0733775424305350e-05 -8.7126973085105419e-05 -3.9567160420119762e-03 3.9580427110195160e-03 0 2 0
P 161 22 -3.3690863847732544e-01 -5.1534467935562134e-01 -2.5394931793212891e+01 2.5402394539711324e+01 0 1 0 0 0 0
P 162 22 -3.7010662257671356e-02 -1.2680068612098694e-01 -3.7669515609741211e+00 3.7692668074636040e+00 0 1 0 0 0 0
V -41 0 5.5801722834494805e-13 8.5429824022223433e-13 -8.0740455987715620e-11 8.0769592403218127e-11 0 2 0
P 163 -211 2.7493351697921753e-01 3.0056369304656982e-01 -9.5353116989135742e+00 9.5450288633388105e+00 1.3957017660140991e-01 1 0 0 0 0
P 164 111 -8.5539489984512329e-02 -6.1370089650154114e-02 -2.4088760375976562e+01 2.4089368576715323e+01 1.3497659564018250e-01 2 0 0 -71 0
V -42 0 9.3814322629781621e-13 4.2080252585403877e-13 -1.4742098167208617e-11 1.4797352579365430e-11 0 2 0
P 165 -2112 1.0319037437438965e+00 3.0802366137504578e-01 -2.0379747390747070e+01 2.0429796852297017e+01 9.3957000970840454e-01 1 0 0 0 0
P 166 211 1.5908047556877136e-01 -1.9411855936050415e-01 -3.7357645034790039e+00 3.7467859389676454e+00 1.3957017660140991e-01 1 0 0 0 0
V -43 0 4.2537453737168107e-06 -3.0058232368901372e-05 1.1018015356967226e-04 1.1816070036729798e-04 0 2 0
P 167 22 -3.7873025983572006e-02 6.6390894353389740e-03 8.2627341151237488e-02 9.1135729060592557e-02 0 1 0 0 0 0
P 168 22 5.7004168629646301e-02 -1.4182546734809875e-01 4.1290590167045593e-01 4.4028992955092217e-01 0 1 0 0 0 0
V -44 0 1.5098749073932938e-12 6.7636938801476920e-13 1.5394192864892631e-11 1.5590357130279564e-11 0 2 0
P 169 -211 9.9627345800399780e-01 3.5736984014511108e-01 7.5399980545043945e+00 7.6152035102087181e+00 1.3957017660140991e-01 1 0 0 0 0
P 170 111 -2.0097903907299042e-02 -7.1199782192707062e-02 4.2847180366516113e-01 4.5528024625767116e-01 1.3497659564018250e-01 2 0 0 -72 0
V -45 0 2.5373250537086278e-05 4.8848514779820107e-06 1.0794016270665452e-04 1.1111007188446820e-04 0 2 0
P 171 22 4.0427827835083008e-01 7.2749480605125427e-02 1.4268059730529785e+00 1.4847588012920763e+00 0 1 0 0 0 0
P 172 22 2.5846534967422485e-01 5.4841734468936920e-02 1.3925664424896240e+00 1.4174107554163642e+00 0 1 0 0 0 0
V -46 0 1.1209838396072924e-12 1.4867186258135656e-12 3.1961756158382926e-11 3.2047430681414468e-11 0 2 0
P 173 311 4.2032504081726074e-01 9.7155380249023438e-01 1.7082439422607422e+01 1.7122441472578572e+01 4.9766999483108521e-01 2 0 0 -73 0
P 174 211 2.4941191077232361e-01 -2.9670640826225281e-02 3.7987504005432129e+00 3.8096024842476557e+00 1.3957017660140991e-01 1 0 0 0 0
V -47 0 -2.1349291273509152e-05 -4.6607114200014621e-05 4.4821074698120356e-04 4.5141734881326556e-04 0 2 0
P 175 22 -1.7702704668045044e-01 -3.7038064002990723e-01 3.7214136123657227e+00 3.7439871351363192e+00 0 1 0 0 0 0
P 176 22 -2.8252562042325735e-03 -2.2250518202781677e-02 5.4437063634395599e-02 5.8876663713623489e-02 0 1 0 0 0 0
V -48 0 -6.9034867919981480e-06 -1.7853044482762925e-05 8.8692428544163704e-03 8.8692680001258850e-03 0 2 0
P 177 22 -1.6705367714166641e-02 1.1453814804553986e-02 1.7129489898681641e+01 1.7129501873908080e+01 0 1 0 0 0 0
P 178 22 -8.2398101687431335e-02 -2.6774430274963379e-01 1.1019351196289062e+02 1.1019386804706755e+02 0 1 0 0 0 0
V -49 0 -4.6617104707685764e-13 -2.5407141668321032e-12 4.0600975914628634e-09 4.0601055850686407e-09 0 2 0
P 179 311 -2.7064093947410583e-01 -1.5462839603424072e-01 4.0339553833007812e+02 4.0339596574147373e+02 4.9766999483108521e-01 2 0 0 -74 0
P 180 211 8.7327346205711365e-02 -3.6960303783416748e-01 1.4032922363281250e+02 1.4032980694668211e+02 1.3957017660140991e-01 1 0 0 0 0
V -50 0 9.3958911831504288e-13 1.6572387993157855e-13 6.1719274135896285e-09 6.1719291899464679e-09 0 2 0
P 181 -2212 2.7648696303367615e-01 -5.5565530061721802e-01 9.8994439697265625e+02 9.8994503618369777e+02 9.3827998638153076e-01 1 0 0 0 0
P 182 211 -3.6187499761581421e-02 2.7275407314300537e-01 7.6477355957031250e+02 7.6477362180059538e+02 1.3957017660140991e-01 1 0 0 0 0
V -51 0 -1.6353071785601969e-08 5.3436770031112246e-07 1.1599524877965450e-03 1.1599527206271887e-03 0 2 0
P 183 22 1.7085269093513489e-02 2.3623229563236237e-01 5.8959747314453125e+02 5.8959752071732817e+02 0 1 0 0 0 0
P 184 22 -2.6510752737522125e-02 7.1748837828636169e-02 7.8935211181640625e+01 7.8935248241871918e+01 0 1 0 0 0 0
V -52 0 5.0070830184267834e-06 -3.4615948152350029e-06 1.2772613263223320e-04 1.2789228640031070e-04 0 2 0
P 185 22 5.6323550641536713e-02 -8.6213469505310059e-02 3.1390190124511719e+00 3.1407077968526367e+00 0 1 0 0 0 0
P 186 22 2.3409551382064819e-01 -1.1456477642059326e-01 4.2693042755126953e+00 4.2772520143777166e+00 0 1 0 0 0 0
V -53 0 3.8314625271596014e-05 4.0017814171733335e-05 -1.7627459601499140e-04 1.8697907216846943e-04 0 2 0
P 187 22 1.9813977181911469e-01 1.7844502627849579e-01 -7.0245087146759033e-01 7.5135825237075893e-01 0 1 0 0 0 0
P 188 22 -1.7431057989597321e-02 1.0296678170561790e-02 -1.2893804907798767e-01 1.3051775306073266e-01 0 1 0 0 0 0
V -54 0 3.0571056211688152e-13 -1.1510064602815451e-11 -1.9666015482755483e-09 1.9666845929577903e-09 0 1 0
P 189 310 6.1625935137271881e-02 -5.3061687946319580e-01 -6.7012855529785156e+01 6.7016832049670853e+01 4.9761399626731873e-01 1 0 0 0 0
V -55 0 -4.0970135160023347e-06 -4.2083306652784813e-06 -3.4532372956164181e-04 3.4605196560733020e-04 0 2 0
P 190 22 -7.9530715942382812e-02 -2.5288470089435577e-02 -1.4931074380874634e+00 1.4954378834207325e+00 0 1 0 0 0 0
P 191 22 5.3995557129383087e-02 -9.4048352912068367e-04 -6.5916442871093750e-01 6.6137292715743790e-01 0 1 0 0 0 0
V -56 0 1.9809638615697622e-04 1.6041823255363852e-04 -8.1465393304824829e-04 8.5543905152007937e-04 0 2 0
P 192 22 3.8897502422332764e-01 2.7130946516990662e-01 -1.6387031078338623e+00 1.7059479098098740e+00 0 1 0 0 0 0
P 193 22 8.8285751640796661e-02 1.1517581343650818e-01 -3.2398980855941772e-01 3.5500596895532605e-01 0 1 0 0 0 0
V -57 0 -5.1177335080865305e-06 -4.9093123379861936e-06 -1.1187055861228146e-05 1.6334313841070980e-05 0 2 0
P 194 22 -1.0274194926023483e-01 -1.4247940853238106e-02 -8.3589293062686920e-02 1.3321442065733649e-01 0 1 0 0 0 0
P 195 22 3.0474662780761719e-02 -5.5076226592063904e-02 -7.4382543563842773e-02 9.7441565023600060e-02 0 1 0 0 0 0
V -58 0 1.0852168634301051e-04 3.2757761800894514e-05 -1.0759545148175675e-06 1.3089027197565883e-04 0 2 0
P 196 22 1.9078467041254044e-02 3.1684637069702148e-02 -4.4482372701168060e-02 5.7849681174649371e-02 0 1 0 0 0 0
P 197 22 2.0479296147823334e-01 3.5891972482204437e-02 4.2262785136699677e-02 2.1216628800824916e-01 0 1 0 0 0 0
V -59 0 1.7796257452573627e-05 -1.0958305210806429e-04 -1.9923305080737919e-04 2.3062359832692891e-04 0 2 0
P 198 22 8.0270729959011078e-03 -3.5153061151504517e-01 -5.4995733499526978e-01 6.5275667369098767e-01 0 1 0 0 0 0
P 199 22 6.2250234186649323e-02 -8.1212192773818970e-02 -2.3681274056434631e-01 2.5797439021154989e-01 0 1 0 0 0 0
V -60 0 9.5140831035678275e-06 -7.8877028499846347e-06 4.2305250644858461e-06 1.5094568880158477e-05 0 2 0
P 200 22 4.5332647860050201e-03 -8.3508700132369995e-02 2.6975464075803757e-02 8.7874507961769571e-02 0 1 0 0 0 0
P 201 22 1.6524043679237366e-01 -5.7243157178163528e-02 4.8515990376472473e-02 1.8147997773106636e-01 0 1 0 0 0 0
V -61 0 -3.0181729511469246e-12 -9.2323783167092000e-13 4.4078400651681449e-11 4.4939732490867357e-11 0 2 0
P 202 211 -3.0845302343368530e-01 -4.3854936957359314e-01 2.3231809139251709e+00 2.3883295857652307e+00 1.3957017660140991e-01 1 0 0 0 0
P 203 -211 -3.6286681890487671e-02 2.1535426378250122e-01 2.5586111545562744e+00 2.5717046985663545e+00 1.3957017660140991e-01 1 0 0 0 0
V -62 0 1.3540585314331111e-05 -1.0917119652731344e-05 3.9109390854719095e-06 2.3126378437154926e-05 0 2 0
P 204 22 5.2139163017272949e-04 -8.4293305873870850e-02 1.5392460860311985e-02 8.5688745560395504e-02 0 1 0 0 0 0
P 205 22 1.2354767322540283e-01 -1.5737596899271011e-02 2.0442446693778038e-02 1.2621249202199766e-01 0 1 0 0 0 0
V -63 0 -7.0152623266039882e-06 -1.1326705134706572e-05 -6.9101965891604777e-06 3.2596828532405198e-05 0 2 0
P 206 22 -7.1387067437171936e-02 -7.1335084736347198e-02 -4.5373952016234398e-03 1.0102175838321606e-01 0 1 0 0 0 0
P 207 22 3.8663290441036224e-02 1.8499918282032013e-02 -2.7696263045072556e-02 5.1031166857437596e-02 0 1 0 0 0 0
V -64 0 1.5343301129178144e-05 2.0327217498561367e-05 -5.7452980399830267e-05 6.3904881244525313e-05 0 2 0
P 208 22 7.4845403432846069e-02 1.3883583247661591e-02 -2.1134014427661896e-01 2.2463135329174855e-01 0 1 0 0 0 0
P 209 22 1.0381051152944565e-01 2.2280454635620117e-01 -4.5763665437698364e-01 5.1947068792219309e-01 0 1 0 0 0 0
V -65 0 3.5567973100114614e-06 -3.4549371775938198e-05 -2.3319222033023834e-02 2.3319257423281670e-02 0 2 0
P 210 22 -3.0086385086178780e-02 -1.7586350440979004e-01 -1.2681761169433594e+02 1.2681773720193135e+02 0 1 0 0 0 0
P 211 22 5.3418781608343124e-02 -5.0952687859535217e-02 -2.6239192962646484e+01 2.6239296809816100e+01 0 1 0 0 0 0
V -66 0 1.0040302186098415e-05 -3.8761198084102944e-05 -3.0452005565166473e-02 3.0452039092779160e-02 0 2 0
P 212 22 3.2874971628189087e-02 -1.3511571288108826e-01 -1.4822691345214844e+02 1.4822697867989595e+02 0 1 0 0 0 0
P 213 22 2.9787097126245499e-02 -1.0681626200675964e-01 -4.1818641662597656e+01 4.1818788689890731e+01 0 1 0 0 0 0
V -67 0 1.0420882972539403e-05 8.0137806435232051e-06 -2.3837663233280182e-02 2.3837679997086525e-02 0 2 0
P 214 22 8.9295804500579834e-02 -6.5942127257585526e-03 -6.3919368743896484e+01 6.3919431457441434e+01 0 1 0 0 0 0
P 215 22 -3.3358223736286163e-02 4.9690779298543930e-02 -6.4015396118164062e+01 6.4015424095370108e+01 0 1 0 0 0 0
V -68 0 -1.0822099056895240e-06 2.3440950371877989e-06 -3.6065801978111267e-03 3.6065843887627125e-03 0 2 0
P 216 22 3.7128105759620667e-04 1.0486137866973877e-01 -7.5038238525390625e+01 7.5038311794975797e+01 0 1 0 0 0 0
P 217 22 -3.1803056597709656e-02 -3.7139724940061569e-02 -2.9471113204956055e+01 2.9471153766571689e+01 0 1 0 0 0 0
V -69 0 5.0985989219043404e-05 5.0265596655663103e-05 1.9987626001238823e-02 1.9987761974334717e-02 0 2 0
P 218 22 1.4277827739715576e-01 5.9338085353374481e-02 4.3611831665039062e+01 4.3612105748571388e+01 0 1 0 0 0 0
P 219 22 2.8082525730133057e-01 3.5828030109405518e-01 1.2245005798339844e+02 1.2245090415238644e+02 0 1 0 0 0 0
V -70 0 -2.9260543669806793e-05 2.1148307496332563e-05 2.1621799096465111e-02 2.1621828898787498e-02 0 2 0
P 220 22 -3.9196479320526123e-01 3.1073454022407532e-01 3.3736956787109375e+02 3.3736993866952957e+02 0 1 0 0 0 0
P 221 22 -4.7678059339523315e-01 3.1715860962867737e-01 3.0458154296875000e+02 3.0458208126306840e+02 0 1 0 0 0 0
V -71 0 -5.1349815066714655e-07 -3.6840745565314137e-07 -1.4460635429713875e-04 1.4460999227594584e-04 0 2 0
P 222 22 -3.1779587268829346e-02 -9.9973261356353760e-02 -1.4384025573730469e+01 1.4384408096994653e+01 0 1 0 0 0 0
P 223 22 -5.3759887814521790e-02 3.8603171706199646e-02 -9.7047328948974609e+00 9.7049585723849674e+00 0 1 0 0 0 0
V -72 0 -3.6006047139380826e-06 -1.2755676834785845e-05 7.6762160460930318e-05 8.1564983702264726e-05 0 2 0
P 224 22 -1.6587944701313972e-02 -2.2202942520380020e-02 4.0315240621566772e-03 2.8006851880225624e-02 0 1 0 0 0 0
P 225 22 -3.5099610686302185e-03 -4.8996843397617340e-02 4.2444029450416565e-01 4.2727341842012218e-01 0 1 0 0 0 0
V -73 0 8.4190866084243865e-12 1.8355806458147939e-11 3.2856412035542348e-10 3.2934430183040320e-10 0 1 0
P 226 130 4.2032504081726074e-01 9.7155380249023438e-01 1.7082439422607422e+01 1.7122439845051421e+01 4.9761399626731873e-01 1 0 0 0 0
V -74 0 -8.5534227270422925e-12 -7.1612967292300489e-12 1.6114302781033985e-08 1.6114322320959218e-08 0 1 0
P 227 130 -2.7064093947410583e-01 -1.5462839603424072e-01 4.0339553833007812e+02 4.0339596567239215e+02 4.9761399626731873e-01 1 0 0 0 0
HepMC::IO_GenEvent-END_EVENT_LISTING
