HepMC::Version 3.02.05
HepMC::IO_GenEvent-START_EVENT_LISTING
E 0 0 0.000000e+00 0.000000e+00 0.000000e+00 -1 0 2 10000 10000 0 0
U GEV MM
V -1 0 -9.5369989208716152e+02 -6.5279165901946772e+02 0.0000000000000000e+00 2.0000000000000000e+01 0 1 0
P 10001 11 1.1837846603449174e-01 2.2907768539266390e-02 9.8003819991996899e-01 2.0000000000000000e+01 1.9975609800444577e+01 1 0 0 0 0
V -2 0 -8.7857108592526606e+02 7.0251402527807841e+02 0.0000000000000000e+00 2.0000000000000000e+01 0 1 0
P 10002 -11 7.2136892012539047e-02 1.7666436874046387e-01 9.3809793264771624e-01 2.0000000000000000e+01 1.9977075818006757e+01 1 0 0 0 0
E 1 0 0.000000e+00 0.000000e+00 0.000000e+00 -1 0 1 10000 10000 0 0
U GEV MM
V -1 0 -9.2370964746871323e+01 -2.2555984848370042e+02 0.0000000000000000e+00 2.0000000000000000e+01 0 1 0
P 10001 13 4.0445875224773498e-02 1.1478022679189040e-01 9.7590485725271225e-01 2.0000000000000000e+01 1.9975805348979186e+01 1 0 0 0 0
E 2 0 0.000000e+00 0.000000e+00 0.000000e+00 -1 0 2 10000 10000 0 0
U GEV MM
V -1 0 5.5936545134355947e+02 4.2210127930865110e+02 0.0000000000000000e+00 2.0000000000000000e+01 0 1 0
P 10001 2212 1.5203005712008785e-01 7.3484595433879585e-02 9.4914314148346335e-01 2.0000000000000000e+01 1.9976751842402731e+01 1 0 0 0 0
V -2 0 2.3484146436384503e+02 -3.3688317562477005e+02 0.0000000000000000e+00 2.0000000000000000e+01 0 1 0
P 10002 2112 8.3308305896548973e-02 1.2973366415688056e-01 9.5461311899575363e-01 2.0000000000000000e+01 1.9976609889958663e+01 1 0 0 0 0
E 3 0 0.000000e+00 0.000000e+00 0.000000e+00 -1 0 2 10000 10000 0 0
U GEV MM
V -1 0 1.3405943487473314e+02 2.8079681272386233e+02 0.0000000000000000e+00 2.0000000000000000e+01 0 1 0
P 10001 13 1.3822445168834255e-01 1.5852162024377039e-01 9.1194176879286126e-01 2.0000000000000000e+01 1.9978091177767752e+01 1 0 0 0 0
V -2 0 6.4684333461974256e+02 -5.0556212140733805e+02 0.0000000000000000e+00 2.0000000000000000e+01 0 1 0
P 10002 -13 1.0555921708035624e-02 2.2987727113751547e-01 9.4219187977809404e-01 2.0000000000000000e+01 1.9976469144331073e+01 1 0 0 0 0
E 4 0 0.000000e+00 0.000000e+00 0.000000e+00 -1 0 4 10000 10000 0 0
U GEV MM
V -1 0 5.4952814530725504e+02 4.7317347275584666e+02 0.0000000000000000e+00 2.0000000000000000e+01 0 1 0
P 10001 13 2.7146335881805683e-01 3.5349237853516013e-02 9.0586603052364678e-01 2.0000000000000000e+01 1.9977599075237887e+01 1 0 0 0 0
V -2 0 -1.6048054934157346e+02 7.8441357327612786e+02 0.0000000000000000e+00 2.0000000000000000e+01 0 1 0
P 10002 2212 6.4442590760264498e-02 2.1713492134637702e-01 9.2071410467583414e-01 2.0000000000000000e+01 1.9977511985126650e+01 1 0 0 0 0
V -3 0 -2.3831960519983636e+02 -9.2426190037029050e+02 0.0000000000000000e+00 2.0000000000000000e+01 0 1 0
P 10003 11 2.0476332608630229e-02 1.2197949581520255e-01 9.7970633694807951e-01 2.0000000000000000e+01 1.9975607054999539e+01 1 0 0 0 0
V -4 0 9.3137001136081381e+02 8.7834675623989028e+02 0.0000000000000000e+00 2.0000000000000000e+01 0 1 0
P 10004 22 9.5652133265489339e-02 1.8451930537462941e-02 9.8698026262365179e-01 2.0000000000000000e+01 1.9975394367993154e+01 1 0 0 0 0
HepMC::IO_GenEvent-END_EVENT_LISTING

