HepMC::Version 3.02.05
HepMC::IO_GenEvent-START_EVENT_LISTING
E 0 0 0.000000e+00 0.000000e+00 0.000000e+00 -1 0 2 10000 10000 0 0
U GEV MM
V -1 0 1.3559535984799595e+02 6.0664600948382190e+02 0.0000000000000000e+00 2.0000000000000000e+01 0 1 0
P 10001 11 2.7077549229124009e-01 5.4742011077511810e-03 9.2368610689696329e-01 2.0000000000000000e+01 1.9976822936638904e+01 1 0 0 0 0
V -2 0 -6.9116922814513669e+02 2.8597602861192172e+01 0.0000000000000000e+00 2.0000000000000000e+01 0 1 0
P 10002 -11 1.5750102507302746e-01 1.2315400512866963e-01 9.2123275402248450e-01 2.0000000000000000e+01 1.9977771565693654e+01 1 0 0 0 0
E 1 0 0.000000e+00 0.000000e+00 0.000000e+00 -1 0 1 10000 10000 0 0
U GEV MM
V -1 0 5.1274087208345668e+02 6.2837698453437406e+02 0.0000000000000000e+00 2.0000000000000000e+01 0 1 0
P 10001 13 8.4880064616818088e-02 8.0259947124701622e-02 9.7272877652201073e-01 2.0000000000000000e+01 1.9975989398346311e+01 1 0 0 0 0
E 2 0 0.000000e+00 0.000000e+00 0.000000e+00 -1 0 2 10000 10000 0 0
U GEV MM
V -1 0 -6.9118650849562209e+02 2.6416749245067354e+02 0.0000000000000000e+00 2.0000000000000000e+01 0 1 0
P 10001 2212 1.1281498011244802e-01 3.5876035474207882e-02 9.7789098188380885e-01 2.0000000000000000e+01 1.9975728144873500e+01 1 0 0 0 0
V -2 0 -2.5467013888983138e+02 -5.8940937614673385e+02 0.0000000000000000e+00 2.0000000000000000e+01 0 1 0
P 10002 2112 1.6273444354838670e-02 2.5950008082182874e-01 9.2394896281163397e-01 2.0000000000000000e+01 1.9976954552613410e+01 1 0 0 0 0
E 3 0 0.000000e+00 0.000000e+00 0.000000e+00 -1 0 2 10000 10000 0 0
U GEV MM
V -1 0 3.1514714472393348e+02 1.1822090780775488e+02 0.0000000000000000e+00 2.0000000000000000e+01 0 1 0
P 10001 13 9.5064343050186975e-02 3.3247158899068603e-02 9.8353615846752618e-01 2.0000000000000000e+01 1.9975547902926031e+01 1 0 0 0 0
V -2 0 8.2167784601590211e+02 -1.1818478578788472e+01 0.0000000000000000e+00 2.0000000000000000e+01 0 1 0
P 10002 -13 1.9249413751240502e-01 1.0820708144897162e-01 9.0957877691514222e-01 2.0000000000000000e+01 1.9978085586039850e+01 1 0 0 0 0
E 4 0 0.000000e+00 0.000000e+00 0.000000e+00 -1 0 4 10000 10000 0 0
U GEV MM
V -1 0 2.2512308519505018e+02 -6.0335780049504172e+02 0.0000000000000000e+00 2.0000000000000000e+01 0 1 0
P 10001 13 1.6051631413482326e-01 1.1512534004556034e-01 9.2402167848070182e-01 2.0000000000000000e+01 1.9977666645698985e+01 1 0 0 0 0
V -2 0 -3.1948183695286673e+02 -4.0856779131635039e+02 0.0000000000000000e+00 2.0000000000000000e+01 0 1 0
P 10002 2212 2.1359055709442326e-01 6.4685176019715091e-03 9.5157400364376654e-01 2.0000000000000000e+01 1.9976206950965178e+01 1 0 0 0 0
V -3 0 -5.6677211601099202e+02 4.7930364040183690e+02 0.0000000000000000e+00 2.0000000000000000e+01 0 1 0
P 10003 11 1.7651655991019399e-01 6.6936122899866257e-03 9.6643403280238016e-01 2.0000000000000000e+01 1.9975855485056787e+01 1 0 0 0 0
V -4 0 9.9627790331424922e+02 9.2688445616755143e+02 0.0000000000000000e+00 2.0000000000000000e+01 0 1 0
P 10004 22 1.8901049203251444e-01 2.9134387598832193e-02 9.5241281149062529e-01 2.0000000000000000e+01 1.9976394470921658e+01 1 0 0 0 0
HepMC::IO_GenEvent-END_EVENT_LISTING

