xmin> -20
xmax> 20
nx> 2
ymin> -20
ymax> 20
ny> 2
zmin> -10
zmax> 10
nz> 2
! X	             Y	             Z	            Fx	            Fy	            Fz
-2.00000000E+01	-2.00000000E+01	-1.00000000E+01	0.00000000E+00	1.00000000E+00	0.00000000E+00
-2.00000000E+01	-2.00000000E+01	1.00000000E+01	0.00000000E+00	1.00000000E+00	0.00000000E+00
-2.00000000E+01	2.00000000E+01	-1.00000000E+01	0.00000000E+00	1.00000000E+00	0.00000000E+00
-2.00000000E+01	2.00000000E+01	1.00000000E+01	0.00000000E+00	1.00000000E+00	0.00000000E+00
2.00000000E+01	-2.00000000E+01	-1.00000000E+01	0.00000000E+00	1.00000000E+00	0.00000000E+00
2.00000000E+01	-2.00000000E+01	1.00000000E+01	0.00000000E+00	1.00000000E+00	0.00000000E+00
2.00000000E+01	2.00000000E+01	-1.00000000E+01	0.00000000E+00	1.00000000E+00	0.00000000E+00
2.00000000E+01	2.00000000E+01	1.00000000E+01	0.00000000E+00	1.00000000E+00	0.00000000E+00
