JamesRandom-begin
Uvec
2226355706
1068196630
0
1072441497
1610612736
1069877801
2147483648
1071961115
3758096384
1072572951
2684354560
1072388927
2147483648
1071294403
0
1070475233
0
1071702614
536870912
1069239705
0
1072005053
1073741824
1072261560
0
1072687730
2147483648
1072432248
0
1072529234
1073741824
1070740055
2147483648
1071290020
3221225472
1071523177
2147483648
1071915168
2684354560
1064921840
0
1072549189
3758096384
1072656904
536870912
1069706254
0
1072548548
536870912
1070935186
0
1072661054
1610612736
1070284791
2147483648
1072341861
3758096384
1071488892
2147483648
1071228242
0
1071923470
0
1072539510
3758096384
1072182123
3758096384
1072062652
1610612736
1070647131
2147483648
1071020801
0
1070635496
1073741824
1071966199
1073741824
1069431364
0
1071869704
0
1071777413
3221225472
1070181163
2147483648
1072033938
2147483648
1072083354
0
1070546242
2147483648
1068998301
0
1071664156
3758096384
1072051995
3221225472
1071654608
536870912
1072619005
0
1072354096
2147483648
1071229856
0
1072679159
1610612736
1070498474
2147483648
1072569338
2684354560
1071736080
2684354560
1071967650
3221225472
1072166728
1073741824
1070890506
2147483648
1070325956
2147483648
1069037361
0
1070613056
0
1071066479
3221225472
1072332832
536870912
1071917409
0
1072033592
536870912
1067791120
0
1071835868
536870912
1070472349
2147483648
1072048907
1073741824
1072121540
0
1069971400
2147483648
1070111330
0
1068860904
0
1071615819
1073741824
1072470679
3221225472
1071311693
3221225472
1069969129
0
1072063087
1073741824
1070601595
1073741824
1070755978
2147483648
1071844263
1610612736
1071225959
2147483648
1071757770
2147483648
1070925343
1073741824
1072090133
2147483648
1069263142
0
1072596451
0
1072069710
3221225472
1067626650
0
1071433020
3221225472
1071124376
1073741824
1071590795
0
1071795505
3758096384
1070914857
2147483648
1069025537
0
1072230426
1610612736
1066802960
0
1071461100
1073741824
1072693247
2684354560
32
