xmin> -30.0
nx> 8
xmax> 22.5
! X	            Fx	            Fy	            Fz
-3.0000000E+01	-2.9495749E+00	-2.8224002E-01	 0.0000000E+00
-2.2500000E+01	-9.0880838E-01	-1.5561464E+00	 0.0000000E+00
-1.5000000E+01	 1.4494310E+00	-1.9949900E+00	 0.0000000E+00
-7.5000000E+00	 3.3013425E+00	-1.3632775E+00	 0.0000000E+00
 0.0000000E+00	 4.0000000E+00	 0.0000000E+00	 0.0000000E+00
 7.5000000E+00	 3.3013425E+00	 1.3632775E+00	 0.0000000E+00
 1.5000000E+01	 1.4494310E+00	 1.9949900E+00	 0.0000000E+00
 2.2500000E+01	-9.0880838E-01	 1.5561464E+00	 0.0000000E+00
