min> -30.0
nx> 8
xmax> 22.5
! X	            Fx	            Fy	            Fz
-3.0000000E+01	-2.9495749E+00	-2.8224002E-01	-1.1682550E+00
-2.2500000E+01	-9.0880838E-01	-1.5561464E+00	-7.4221188E-01
-1.5000000E+01	 1.4494310E+00	-1.9949900E+00	-2.9950025E-01
-7.5000000E+00	 3.3013425E+00	-1.3632775E+00	 1.4993751E-01
 0.0000000E+00	 4.0000000E+00	 0.0000000E+00	 5.9600799E-01
 7.5000000E+00	 3.3013425E+00	 1.3632775E+00	 1.0286934E+00
 1.5000000E+01	 1.4494310E+00	 1.9949900E+00	 1.4382766E+00
 2.2500000E+01	-9.0880838E-01	 1.5561464E+00	 1.8155592E+00
