zmax> 29.0
ymax> 18.2
zmin> -35.0
nx> 9
ny> 7
nz> 10
xmax> 24.9
xmin> -30.0
ymin> -25.0
! X	             Y	             Z	            Fx	            Fy	            Fz
-3.0000000E+01	-2.5000000E+01	-3.5000000E+01	-3.3234762E+01	 7.1082286E+01	-2.9709625E+00
-3.0000000E+01	-2.5000000E+01	-2.7000000E+01	-2.5234762E+01	 5.5082286E+01	-2.2918853E+00
-3.0000000E+01	-2.5000000E+01	-1.9000000E+01	-1.7234762E+01	 3.9082286E+01	-1.6128082E+00
-3.0000000E+01	-2.5000000E+01	-1.1000000E+01	-9.2347616E+00	 2.3082286E+01	-9.3373106E-01
-3.0000000E+01	-2.5000000E+01	-3.0000000E+00	-1.2347616E+00	 7.0822860E+00	-2.5465393E-01
-3.0000000E+01	-2.5000000E+01	 5.0000000E+00	 6.7652384E+00	-8.9177140E+00	 4.2442321E-01
-3.0000000E+01	-2.5000000E+01	 1.3000000E+01	 1.4765238E+01	-2.4917714E+01	 1.1035003E+00
-3.0000000E+01	-2.5000000E+01	 2.1000000E+01	 2.2765238E+01	-4.0917714E+01	 1.7825775E+00
-3.0000000E+01	-2.5000000E+01	 2.9000000E+01	 3.0765238E+01	-5.6917714E+01	 2.4616546E+00
-3.0000000E+01	-1.7800000E+01	-3.5000000E+01	-3.2114736E+01	 7.0280562E+01	-2.9709625E+00
-3.0000000E+01	-1.7800000E+01	-2.7000000E+01	-2.4114736E+01	 5.4280562E+01	-2.2918853E+00
-3.0000000E+01	-1.7800000E+01	-1.9000000E+01	-1.6114736E+01	 3.8280562E+01	-1.6128082E+00
-3.0000000E+01	-1.7800000E+01	-1.1000000E+01	-8.1147359E+00	 2.2280562E+01	-9.3373106E-01
-3.0000000E+01	-1.7800000E+01	-3.0000000E+00	-1.1473588E-01	 6.2805617E+00	-2.5465393E-01
-3.0000000E+01	-1.7800000E+01	 5.0000000E+00	 7.8852641E+00	-9.7194383E+00	 4.2442321E-01
-3.0000000E+01	-1.7800000E+01	 1.3000000E+01	 1.5885264E+01	-2.5719438E+01	 1.1035003E+00
-3.0000000E+01	-1.7800000E+01	 2.1000000E+01	 2.3885264E+01	-4.1719438E+01	 1.7825775E+00
-3.0000000E+01	-1.7800000E+01	 2.9000000E+01	 3.1885264E+01	-5.7719438E+01	 2.4616546E+00
-3.0000000E+01	-1.0600000E+01	-3.5000000E+01	-3.2426922E+01	 6.9339570E+01	-2.9709625E+00
-3.0000000E+01	-1.0600000E+01	-2.7000000E+01	-2.4426922E+01	 5.3339570E+01	-2.2918853E+00
-3.0000000E+01	-1.0600000E+01	-1.9000000E+01	-1.6426922E+01	 3.7339570E+01	-1.6128082E+00
-3.0000000E+01	-1.0600000E+01	-1.1000000E+01	-8.4269222E+00	 2.1339570E+01	-9.3373106E-01
-3.0000000E+01	-1.0600000E+01	-3.0000000E+00	-4.2692220E-01	 5.3395698E+00	-2.5465393E-01
-3.0000000E+01	-1.0600000E+01	 5.0000000E+00	 7.5730778E+00	-1.0660430E+01	 4.2442321E-01
-3.0000000E+01	-1.0600000E+01	 1.3000000E+01	 1.5573078E+01	-2.6660430E+01	 1.1035003E+00
-3.0000000E+01	-1.0600000E+01	 2.1000000E+01	 2.3573078E+01	-4.2660430E+01	 1.7825775E+00
-3.0000000E+01	-1.0600000E+01	 2.9000000E+01	 3.1573078E+01	-5.8660430E+01	 2.4616546E+00
-3.0000000E+01	-3.4000000E+00	-3.5000000E+01	-3.4016355E+01	 6.8726408E+01	-2.9709625E+00
-3.0000000E+01	-3.4000000E+00	-2.7000000E+01	-2.6016355E+01	 5.2726408E+01	-2.2918853E+00
-3.0000000E+01	-3.4000000E+00	-1.9000000E+01	-1.8016355E+01	 3.6726408E+01	-1.6128082E+00
-3.0000000E+01	-3.4000000E+00	-1.1000000E+01	-1.0016355E+01	 2.0726408E+01	-9.3373106E-01
-3.0000000E+01	-3.4000000E+00	-3.0000000E+00	-2.0163549E+00	 4.7264079E+00	-2.5465393E-01
-3.0000000E+01	-3.4000000E+00	 5.0000000E+00	 5.9836451E+00	-1.1273592E+01	 4.2442321E-01
-3.0000000E+01	-3.4000000E+00	 1.3000000E+01	 1.3983645E+01	-2.7273592E+01	 1.1035003E+00
-3.0000000E+01	-3.4000000E+00	 2.1000000E+01	 2.1983645E+01	-4.3273592E+01	 1.7825775E+00
-3.0000000E+01	-3.4000000E+00	 2.9000000E+01	 2.9983645E+01	-5.9273592E+01	 2.4616546E+00
-3.0000000E+01	 3.8000000E+00	-3.5000000E+01	-3.6094058E+01	 6.8745442E+01	-2.9709625E+00
-3.0000000E+01	 3.8000000E+00	-2.7000000E+01	-2.8094058E+01	 5.2745442E+01	-2.2918853E+00
-3.0000000E+01	 3.8000000E+00	-1.9000000E+01	-2.0094058E+01	 3.6745442E+01	-1.6128082E+00
-3.0000000E+01	 3.8000000E+00	-1.1000000E+01	-1.2094058E+01	 2.0745442E+01	-9.3373106E-01
-3.0000000E+01	 3.8000000E+00	-3.0000000E+00	-4.0940577E+00	 4.7454425E+00	-2.5465393E-01
-3.0000000E+01	 3.8000000E+00	 5.0000000E+00	 3.9059423E+00	-1.1254558E+01	 4.2442321E-01
-3.0000000E+01	 3.8000000E+00	 1.3000000E+01	 1.1905942E+01	-2.7254558E+01	 1.1035003E+00
-3.0000000E+01	 3.8000000E+00	 2.1000000E+01	 1.9905942E+01	-4.3254558E+01	 1.7825775E+00
-3.0000000E+01	 3.8000000E+00	 2.9000000E+01	 2.7905942E+01	-5.9254558E+01	 2.4616546E+00
-3.0000000E+01	 1.1000000E+01	-3.5000000E+01	-3.7628683E+01	 6.9387225E+01	-2.9709625E+00
-3.0000000E+01	 1.1000000E+01	-2.7000000E+01	-2.9628683E+01	 5.3387225E+01	-2.2918853E+00
-3.0000000E+01	 1.1000000E+01	-1.9000000E+01	-2.1628683E+01	 3.7387225E+01	-1.6128082E+00
-3.0000000E+01	 1.1000000E+01	-1.1000000E+01	-1.3628683E+01	 2.1387225E+01	-9.3373106E-01
-3.0000000E+01	 1.1000000E+01	-3.0000000E+00	-5.6286828E+00	 5.3872250E+00	-2.5465393E-01
-3.0000000E+01	 1.1000000E+01	 5.0000000E+00	 2.3713172E+00	-1.0612775E+01	 4.2442321E-01
-3.0000000E+01	 1.1000000E+01	 1.3000000E+01	 1.0371317E+01	-2.6612775E+01	 1.1035003E+00
-3.0000000E+01	 1.1000000E+01	 2.1000000E+01	 1.8371317E+01	-4.2612775E+01	 1.7825775E+00
-3.0000000E+01	 1.1000000E+01	 2.9000000E+01	 2.6371317E+01	-5.8612775E+01	 2.4616546E+00
-3.0000000E+01	 1.8200000E+01	-3.5000000E+01	-3.7858460E+01	 7.0333182E+01	-2.9709625E+00
-3.0000000E+01	 1.8200000E+01	-2.7000000E+01	-2.9858460E+01	 5.4333182E+01	-2.2918853E+00
-3.0000000E+01	 1.8200000E+01	-1.9000000E+01	-2.1858460E+01	 3.8333182E+01	-1.6128082E+00
-3.0000000E+01	 1.8200000E+01	-1.1000000E+01	-1.3858460E+01	 2.2333182E+01	-9.3373106E-01
-3.0000000E+01	 1.8200000E+01	-3.0000000E+00	-5.8584599E+00	 6.3331821E+00	-2.5465393E-01
-3.0000000E+01	 1.8200000E+01	 5.0000000E+00	 2.1415401E+00	-9.6668179E+00	 4.2442321E-01
-3.0000000E+01	 1.8200000E+01	 1.3000000E+01	 1.0141540E+01	-2.5666818E+01	 1.1035003E+00
-3.0000000E+01	 1.8200000E+01	 2.1000000E+01	 1.8141540E+01	-4.1666818E+01	 1.7825775E+00
-3.0000000E+01	 1.8200000E+01	 2.9000000E+01	 2.6141540E+01	-5.7666818E+01	 2.4616546E+00
-2.3900000E+01	-2.5000000E+01	-3.5000000E+01	-3.4198953E+01	 7.1509919E+01	-1.5414563E+01
-2.3900000E+01	-2.5000000E+01	-2.7000000E+01	-2.6198953E+01	 5.5509919E+01	-1.1891234E+01
-2.3900000E+01	-2.5000000E+01	-1.9000000E+01	-1.8198953E+01	 3.9509919E+01	-8.3679055E+00
-2.3900000E+01	-2.5000000E+01	-1.1000000E+01	-1.0198953E+01	 2.3509919E+01	-4.8445769E+00
-2.3900000E+01	-2.5000000E+01	-3.0000000E+00	-2.1989531E+00	 7.5099195E+00	-1.3212482E+00
-2.3900000E+01	-2.5000000E+01	 5.0000000E+00	 5.8010469E+00	-8.4900805E+00	 2.2020804E+00
-2.3900000E+01	-2.5000000E+01	 1.3000000E+01	 1.3801047E+01	-2.4490081E+01	 5.7254091E+00
-2.3900000E+01	-2.5000000E+01	 2.1000000E+01	 2.1801047E+01	-4.0490081E+01	 9.2487377E+00
-2.3900000E+01	-2.5000000E+01	 2.9000000E+01	 2.9801047E+01	-5.6490081E+01	 1.2772066E+01
-2.3900000E+01	-1.7800000E+01	-3.5000000E+01	-3.3690697E+01	 7.0391417E+01	-1.5414563E+01
-2.3900000E+01	-1.7800000E+01	-2.7000000E+01	-2.5690697E+01	 5.4391417E+01	-1.1891234E+01
-2.3900000E+01	-1.7800000E+01	-1.9000000E+01	-1.7690697E+01	 3.8391417E+01	-8.3679055E+00
-2.3900000E+01	-1.7800000E+01	-1.1000000E+01	-9.6906971E+00	 2.2391417E+01	-4.8445769E+00
-2.3900000E+01	-1.7800000E+01	-3.0000000E+00	-1.6906971E+00	 6.3914175E+00	-1.3212482E+00
-2.3900000E+01	-1.7800000E+01	 5.0000000E+00	 6.3093029E+00	-9.6085825E+00	 2.2020804E+00
-2.3900000E+01	-1.7800000E+01	 1.3000000E+01	 1.4309303E+01	-2.5608583E+01	 5.7254091E+00
-2.3900000E+01	-1.7800000E+01	 2.1000000E+01	 2.2309303E+01	-4.1608583E+01	 9.2487377E+00
-2.3900000E+01	-1.7800000E+01	 2.9000000E+01	 3.0309303E+01	-5.7608583E+01	 1.2772066E+01
-2.3900000E+01	-1.0600000E+01	-3.5000000E+01	-3.3832364E+01	 6.9078620E+01	-1.5414563E+01
-2.3900000E+01	-1.0600000E+01	-2.7000000E+01	-2.5832364E+01	 5.3078620E+01	-1.1891234E+01
-2.3900000E+01	-1.0600000E+01	-1.9000000E+01	-1.7832364E+01	 3.7078620E+01	-8.3679055E+00
-2.3900000E+01	-1.0600000E+01	-1.1000000E+01	-9.8323640E+00	 2.1078620E+01	-4.8445769E+00
-2.3900000E+01	-1.0600000E+01	-3.0000000E+00	-1.8323640E+00	 5.0786203E+00	-1.3212482E+00
-2.3900000E+01	-1.0600000E+01	 5.0000000E+00	 6.1676360E+00	-1.0921380E+01	 2.2020804E+00
-2.3900000E+01	-1.0600000E+01	 1.3000000E+01	 1.4167636E+01	-2.6921380E+01	 5.7254091E+00
-2.3900000E+01	-1.0600000E+01	 2.1000000E+01	 2.2167636E+01	-4.2921380E+01	 9.2487377E+00
-2.3900000E+01	-1.0600000E+01	 2.9000000E+01	 3.0167636E+01	-5.8921380E+01	 1.2772066E+01
-2.3900000E+01	-3.4000000E+00	-3.5000000E+01	-3.4553632E+01	 6.8223185E+01	-1.5414563E+01
-2.3900000E+01	-3.4000000E+00	-2.7000000E+01	-2.6553632E+01	 5.2223185E+01	-1.1891234E+01
-2.3900000E+01	-3.4000000E+00	-1.9000000E+01	-1.8553632E+01	 3.6223185E+01	-8.3679055E+00
-2.3900000E+01	-3.4000000E+00	-1.1000000E+01	-1.0553632E+01	 2.0223185E+01	-4.8445769E+00
-2.3900000E+01	-3.4000000E+00	-3.0000000E+00	-2.5536320E+00	 4.2231854E+00	-1.3212482E+00
-2.3900000E+01	-3.4000000E+00	 5.0000000E+00	 5.4463680E+00	-1.1776815E+01	 2.2020804E+00
-2.3900000E+01	-3.4000000E+00	 1.3000000E+01	 1.3446368E+01	-2.7776815E+01	 5.7254091E+00
-2.3900000E+01	-3.4000000E+00	 2.1000000E+01	 2.1446368E+01	-4.3776815E+01	 9.2487377E+00
-2.3900000E+01	-3.4000000E+00	 2.9000000E+01	 2.9446368E+01	-5.9776815E+01	 1.2772066E+01
-2.3900000E+01	 3.8000000E+00	-3.5000000E+01	-3.5496472E+01	 6.8249741E+01	-1.5414563E+01
-2.3900000E+01	 3.8000000E+00	-2.7000000E+01	-2.7496472E+01	 5.2249741E+01	-1.1891234E+01
-2.3900000E+01	 3.8000000E+00	-1.9000000E+01	-1.9496472E+01	 3.6249741E+01	-8.3679055E+00
-2.3900000E+01	 3.8000000E+00	-1.1000000E+01	-1.1496472E+01	 2.0249741E+01	-4.8445769E+00
-2.3900000E+01	 3.8000000E+00	-3.0000000E+00	-3.4964720E+00	 4.2497410E+00	-1.3212482E+00
-2.3900000E+01	 3.8000000E+00	 5.0000000E+00	 4.5035280E+00	-1.1750259E+01	 2.2020804E+00
-2.3900000E+01	 3.8000000E+00	 1.3000000E+01	 1.2503528E+01	-2.7750259E+01	 5.7254091E+00
-2.3900000E+01	 3.8000000E+00	 2.1000000E+01	 2.0503528E+01	-4.3750259E+01	 9.2487377E+00
-2.3900000E+01	 3.8000000E+00	 2.9000000E+01	 2.8503528E+01	-5.9750259E+01	 1.2772066E+01
-2.3900000E+01	 1.1000000E+01	-3.5000000E+01	-3.6192869E+01	 6.9145105E+01	-1.5414563E+01
-2.3900000E+01	 1.1000000E+01	-2.7000000E+01	-2.8192869E+01	 5.3145105E+01	-1.1891234E+01
-2.3900000E+01	 1.1000000E+01	-1.9000000E+01	-2.0192869E+01	 3.7145105E+01	-8.3679055E+00
-2.3900000E+01	 1.1000000E+01	-1.1000000E+01	-1.2192869E+01	 2.1145105E+01	-4.8445769E+00
-2.3900000E+01	 1.1000000E+01	-3.0000000E+00	-4.1928690E+00	 5.1451051E+00	-1.3212482E+00
-2.3900000E+01	 1.1000000E+01	 5.0000000E+00	 3.8071310E+00	-1.0854895E+01	 2.2020804E+00
-2.3900000E+01	 1.1000000E+01	 1.3000000E+01	 1.1807131E+01	-2.6854895E+01	 5.7254091E+00
-2.3900000E+01	 1.1000000E+01	 2.1000000E+01	 1.9807131E+01	-4.2854895E+01	 9.2487377E+00
-2.3900000E+01	 1.1000000E+01	 2.9000000E+01	 2.7807131E+01	-5.8854895E+01	 1.2772066E+01
-2.3900000E+01	 1.8200000E+01	-3.5000000E+01	-3.6297139E+01	 7.0464829E+01	-1.5414563E+01
-2.3900000E+01	 1.8200000E+01	-2.7000000E+01	-2.8297139E+01	 5.4464829E+01	-1.1891234E+01
-2.3900000E+01	 1.8200000E+01	-1.9000000E+01	-2.0297139E+01	 3.8464829E+01	-8.3679055E+00
-2.3900000E+01	 1.8200000E+01	-1.1000000E+01	-1.2297139E+01	 2.2464829E+01	-4.8445769E+00
-2.3900000E+01	 1.8200000E+01	-3.0000000E+00	-4.2971395E+00	 6.4648292E+00	-1.3212482E+00
-2.3900000E+01	 1.8200000E+01	 5.0000000E+00	 3.7028605E+00	-9.5351708E+00	 2.2020804E+00
-2.3900000E+01	 1.8200000E+01	 1.3000000E+01	 1.1702861E+01	-2.5535171E+01	 5.7254091E+00
-2.3900000E+01	 1.8200000E+01	 2.1000000E+01	 1.9702861E+01	-4.1535171E+01	 9.2487377E+00
-2.3900000E+01	 1.8200000E+01	 2.9000000E+01	 2.7702861E+01	-5.7535171E+01	 1.2772066E+01
-1.7800000E+01	-2.5000000E+01	-3.5000000E+01	-3.5350153E+01	 7.1585054E+01	-2.6435305E+01
-1.7800000E+01	-2.5000000E+01	-2.7000000E+01	-2.7350153E+01	 5.5585054E+01	-2.0392950E+01
-1.7800000E+01	-2.5000000E+01	-1.9000000E+01	-1.9350153E+01	 3.9585054E+01	-1.4350594E+01
-1.7800000E+01	-2.5000000E+01	-1.1000000E+01	-1.1350153E+01	 2.3585054E+01	-8.3082388E+00
-1.7800000E+01	-2.5000000E+01	-3.0000000E+00	-3.3501533E+00	 7.5850542E+00	-2.2658833E+00
-1.7800000E+01	-2.5000000E+01	 5.0000000E+00	 4.6498467E+00	-8.4149458E+00	 3.7764722E+00
-1.7800000E+01	-2.5000000E+01	 1.3000000E+01	 1.2649847E+01	-2.4414946E+01	 9.8188276E+00
-1.7800000E+01	-2.5000000E+01	 2.1000000E+01	 2.0649847E+01	-4.0414946E+01	 1.5861183E+01
-1.7800000E+01	-2.5000000E+01	 2.9000000E+01	 2.8649847E+01	-5.6414946E+01	 2.1903539E+01
-1.7800000E+01	-1.7800000E+01	-3.5000000E+01	-3.5572322E+01	 7.0410895E+01	-2.6435305E+01
-1.7800000E+01	-1.7800000E+01	-2.7000000E+01	-2.7572322E+01	 5.4410895E+01	-2.0392950E+01
-1.7800000E+01	-1.7800000E+01	-1.9000000E+01	-1.9572322E+01	 3.8410895E+01	-1.4350594E+01
-1.7800000E+01	-1.7800000E+01	-1.1000000E+01	-1.1572322E+01	 2.2410895E+01	-8.3082388E+00
-1.7800000E+01	-1.7800000E+01	-3.0000000E+00	-3.5723220E+00	 6.4108947E+00	-2.2658833E+00
-1.7800000E+01	-1.7800000E+01	 5.0000000E+00	 4.4276780E+00	-9.5891053E+00	 3.7764722E+00
-1.7800000E+01	-1.7800000E+01	 1.3000000E+01	 1.2427678E+01	-2.5589105E+01	 9.8188276E+00
-1.7800000E+01	-1.7800000E+01	 2.1000000E+01	 2.0427678E+01	-4.1589105E+01	 1.5861183E+01
-1.7800000E+01	-1.7800000E+01	 2.9000000E+01	 2.8427678E+01	-5.7589105E+01	 2.1903539E+01
-1.7800000E+01	-1.0600000E+01	-3.5000000E+01	-3.5510397E+01	 6.9032772E+01	-2.6435305E+01
-1.7800000E+01	-1.0600000E+01	-2.7000000E+01	-2.7510397E+01	 5.3032772E+01	-2.0392950E+01
-1.7800000E+01	-1.0600000E+01	-1.9000000E+01	-1.9510397E+01	 3.7032772E+01	-1.4350594E+01
-1.7800000E+01	-1.0600000E+01	-1.1000000E+01	-1.1510397E+01	 2.1032772E+01	-8.3082388E+00
-1.7800000E+01	-1.0600000E+01	-3.0000000E+00	-3.5103966E+00	 5.0327717E+00	-2.2658833E+00
-1.7800000E+01	-1.0600000E+01	 5.0000000E+00	 4.4896034E+00	-1.0967228E+01	 3.7764722E+00
-1.7800000E+01	-1.0600000E+01	 1.3000000E+01	 1.2489603E+01	-2.6967228E+01	 9.8188276E+00
-1.7800000E+01	-1.0600000E+01	 2.1000000E+01	 2.0489603E+01	-4.2967228E+01	 1.5861183E+01
-1.7800000E+01	-1.0600000E+01	 2.9000000E+01	 2.8489603E+01	-5.8967228E+01	 2.1903539E+01
-1.7800000E+01	-3.4000000E+00	-3.5000000E+01	-3.5195116E+01	 6.8134770E+01	-2.6435305E+01
-1.7800000E+01	-3.4000000E+00	-2.7000000E+01	-2.7195116E+01	 5.2134770E+01	-2.0392950E+01
-1.7800000E+01	-3.4000000E+00	-1.9000000E+01	-1.9195116E+01	 3.6134770E+01	-1.4350594E+01
-1.7800000E+01	-3.4000000E+00	-1.1000000E+01	-1.1195116E+01	 2.0134770E+01	-8.3082388E+00
-1.7800000E+01	-3.4000000E+00	-3.0000000E+00	-3.1951162E+00	 4.1347698E+00	-2.2658833E+00
-1.7800000E+01	-3.4000000E+00	 5.0000000E+00	 4.8048838E+00	-1.1865230E+01	 3.7764722E+00
-1.7800000E+01	-3.4000000E+00	 1.3000000E+01	 1.2804884E+01	-2.7865230E+01	 9.8188276E+00
-1.7800000E+01	-3.4000000E+00	 2.1000000E+01	 2.0804884E+01	-4.3865230E+01	 1.5861183E+01
-1.7800000E+01	-3.4000000E+00	 2.9000000E+01	 2.8804884E+01	-5.9865230E+01	 2.1903539E+01
-1.7800000E+01	 3.8000000E+00	-3.5000000E+01	-3.4782982E+01	 6.8162647E+01	-2.6435305E+01
-1.7800000E+01	 3.8000000E+00	-2.7000000E+01	-2.6782982E+01	 5.2162647E+01	-2.0392950E+01
-1.7800000E+01	 3.8000000E+00	-1.9000000E+01	-1.8782982E+01	 3.6162647E+01	-1.4350594E+01
-1.7800000E+01	 3.8000000E+00	-1.1000000E+01	-1.0782982E+01	 2.0162647E+01	-8.3082388E+00
-1.7800000E+01	 3.8000000E+00	-3.0000000E+00	-2.7829823E+00	 4.1626468E+00	-2.2658833E+00
-1.7800000E+01	 3.8000000E+00	 5.0000000E+00	 5.2170177E+00	-1.1837353E+01	 3.7764722E+00
-1.7800000E+01	 3.8000000E+00	 1.3000000E+01	 1.3217018E+01	-2.7837353E+01	 9.8188276E+00
-1.7800000E+01	 3.8000000E+00	 2.1000000E+01	 2.1217018E+01	-4.3837353E+01	 1.5861183E+01
-1.7800000E+01	 3.8000000E+00	 2.9000000E+01	 2.9217018E+01	-5.9837353E+01	 2.1903539E+01
-1.7800000E+01	 1.1000000E+01	-3.5000000E+01	-3.4478574E+01	 6.9102565E+01	-2.6435305E+01
-1.7800000E+01	 1.1000000E+01	-2.7000000E+01	-2.6478574E+01	 5.3102565E+01	-2.0392950E+01
-1.7800000E+01	 1.1000000E+01	-1.9000000E+01	-1.8478574E+01	 3.7102565E+01	-1.4350594E+01
-1.7800000E+01	 1.1000000E+01	-1.1000000E+01	-1.0478574E+01	 2.1102565E+01	-8.3082388E+00
-1.7800000E+01	 1.1000000E+01	-3.0000000E+00	-2.4785736E+00	 5.1025648E+00	-2.2658833E+00
-1.7800000E+01	 1.1000000E+01	 5.0000000E+00	 5.5214264E+00	-1.0897435E+01	 3.7764722E+00
-1.7800000E+01	 1.1000000E+01	 1.3000000E+01	 1.3521426E+01	-2.6897435E+01	 9.8188276E+00
-1.7800000E+01	 1.1000000E+01	 2.1000000E+01	 2.1521426E+01	-4.2897435E+01	 1.5861183E+01
-1.7800000E+01	 1.1000000E+01	 2.9000000E+01	 2.9521426E+01	-5.8897435E+01	 2.1903539E+01
-1.7800000E+01	 1.8200000E+01	-3.5000000E+01	-3.4432995E+01	 7.0487959E+01	-2.6435305E+01
-1.7800000E+01	 1.8200000E+01	-2.7000000E+01	-2.6432995E+01	 5.4487959E+01	-2.0392950E+01
-1.7800000E+01	 1.8200000E+01	-1.9000000E+01	-1.8432995E+01	 3.8487959E+01	-1.4350594E+01
-1.7800000E+01	 1.8200000E+01	-1.1000000E+01	-1.0432995E+01	 2.2487959E+01	-8.3082388E+00
-1.7800000E+01	 1.8200000E+01	-3.0000000E+00	-2.4329949E+00	 6.4879594E+00	-2.2658833E+00
-1.7800000E+01	 1.8200000E+01	 5.0000000E+00	 5.5670051E+00	-9.5120406E+00	 3.7764722E+00
-1.7800000E+01	 1.8200000E+01	 1.3000000E+01	 1.3567005E+01	-2.5512041E+01	 9.8188276E+00
-1.7800000E+01	 1.8200000E+01	 2.1000000E+01	 2.1567005E+01	-4.1512041E+01	 1.5861183E+01
-1.7800000E+01	 1.8200000E+01	 2.9000000E+01	 2.9567005E+01	-5.7512041E+01	 2.1903539E+01
-1.1700000E+01	-2.5000000E+01	-3.5000000E+01	-3.6419608E+01	 7.1290150E+01	-3.5015908E+01
-1.1700000E+01	-2.5000000E+01	-2.7000000E+01	-2.8419608E+01	 5.5290150E+01	-2.7012272E+01
-1.1700000E+01	-2.5000000E+01	-1.9000000E+01	-2.0419608E+01	 3.9290150E+01	-1.9008636E+01
-1.1700000E+01	-2.5000000E+01	-1.1000000E+01	-1.2419608E+01	 2.3290150E+01	-1.1005000E+01
-1.1700000E+01	-2.5000000E+01	-3.0000000E+00	-4.4196083E+00	 7.2901497E+00	-3.0013635E+00
-1.1700000E+01	-2.5000000E+01	 5.0000000E+00	 3.5803917E+00	-8.7098503E+00	 5.0022725E+00
-1.1700000E+01	-2.5000000E+01	 1.3000000E+01	 1.1580392E+01	-2.4709850E+01	 1.3005909E+01
-1.1700000E+01	-2.5000000E+01	 2.1000000E+01	 1.9580392E+01	-4.0709850E+01	 2.1009545E+01
-1.1700000E+01	-2.5000000E+01	 2.9000000E+01	 2.7580392E+01	-5.6709850E+01	 2.9013181E+01
-1.1700000E+01	-1.7800000E+01	-3.5000000E+01	-3.7320335E+01	 7.0334446E+01	-3.5015908E+01
-1.1700000E+01	-1.7800000E+01	-2.7000000E+01	-2.9320335E+01	 5.4334446E+01	-2.7012272E+01
-1.1700000E+01	-1.7800000E+01	-1.9000000E+01	-2.1320335E+01	 3.8334446E+01	-1.9008636E+01
-1.1700000E+01	-1.7800000E+01	-1.1000000E+01	-1.3320335E+01	 2.2334446E+01	-1.1005000E+01
-1.1700000E+01	-1.7800000E+01	-3.0000000E+00	-5.3203353E+00	 6.3344464E+00	-3.0013635E+00
-1.1700000E+01	-1.7800000E+01	 5.0000000E+00	 2.6796647E+00	-9.6655536E+00	 5.0022725E+00
-1.1700000E+01	-1.7800000E+01	 1.3000000E+01	 1.0679665E+01	-2.5665554E+01	 1.3005909E+01
-1.1700000E+01	-1.7800000E+01	 2.1000000E+01	 1.8679665E+01	-4.1665554E+01	 2.1009545E+01
-1.1700000E+01	-1.7800000E+01	 2.9000000E+01	 2.6679665E+01	-5.7665554E+01	 2.9013181E+01
-1.1700000E+01	-1.0600000E+01	-3.5000000E+01	-3.7069274E+01	 6.9212728E+01	-3.5015908E+01
-1.1700000E+01	-1.0600000E+01	-2.7000000E+01	-2.9069274E+01	 5.3212728E+01	-2.7012272E+01
-1.1700000E+01	-1.0600000E+01	-1.9000000E+01	-2.1069274E+01	 3.7212728E+01	-1.9008636E+01
-1.1700000E+01	-1.0600000E+01	-1.1000000E+01	-1.3069274E+01	 2.1212728E+01	-1.1005000E+01
-1.1700000E+01	-1.0600000E+01	-3.0000000E+00	-5.0692744E+00	 5.2127277E+00	-3.0013635E+00
-1.1700000E+01	-1.0600000E+01	 5.0000000E+00	 2.9307256E+00	-1.0787272E+01	 5.0022725E+00
-1.1700000E+01	-1.0600000E+01	 1.3000000E+01	 1.0930726E+01	-2.6787272E+01	 1.3005909E+01
-1.1700000E+01	-1.0600000E+01	 2.1000000E+01	 1.8930726E+01	-4.2787272E+01	 2.1009545E+01
-1.1700000E+01	-1.0600000E+01	 2.9000000E+01	 2.6930726E+01	-5.8787272E+01	 2.9013181E+01
-1.1700000E+01	-3.4000000E+00	-3.5000000E+01	-3.5791049E+01	 6.8481802E+01	-3.5015908E+01
-1.1700000E+01	-3.4000000E+00	-2.7000000E+01	-2.7791049E+01	 5.2481802E+01	-2.7012272E+01
-1.1700000E+01	-3.4000000E+00	-1.9000000E+01	-1.9791049E+01	 3.6481802E+01	-1.9008636E+01
-1.1700000E+01	-3.4000000E+00	-1.1000000E+01	-1.1791049E+01	 2.0481802E+01	-1.1005000E+01
-1.1700000E+01	-3.4000000E+00	-3.0000000E+00	-3.7910494E+00	 4.4818020E+00	-3.0013635E+00
-1.1700000E+01	-3.4000000E+00	 5.0000000E+00	 4.2089506E+00	-1.1518198E+01	 5.0022725E+00
-1.1700000E+01	-3.4000000E+00	 1.3000000E+01	 1.2208951E+01	-2.7518198E+01	 1.3005909E+01
-1.1700000E+01	-3.4000000E+00	 2.1000000E+01	 2.0208951E+01	-4.3518198E+01	 2.1009545E+01
-1.1700000E+01	-3.4000000E+00	 2.9000000E+01	 2.8208951E+01	-5.9518198E+01	 2.9013181E+01
-1.1700000E+01	 3.8000000E+00	-3.5000000E+01	-3.4120157E+01	 6.8504492E+01	-3.5015908E+01
-1.1700000E+01	 3.8000000E+00	-2.7000000E+01	-2.6120157E+01	 5.2504492E+01	-2.7012272E+01
-1.1700000E+01	 3.8000000E+00	-1.9000000E+01	-1.8120157E+01	 3.6504492E+01	-1.9008636E+01
-1.1700000E+01	 3.8000000E+00	-1.1000000E+01	-1.0120157E+01	 2.0504492E+01	-1.1005000E+01
-1.1700000E+01	 3.8000000E+00	-3.0000000E+00	-2.1201566E+00	 4.5044924E+00	-3.0013635E+00
-1.1700000E+01	 3.8000000E+00	 5.0000000E+00	 5.8798434E+00	-1.1495508E+01	 5.0022725E+00
-1.1700000E+01	 3.8000000E+00	 1.3000000E+01	 1.3879843E+01	-2.7495508E+01	 1.3005909E+01
-1.1700000E+01	 3.8000000E+00	 2.1000000E+01	 2.1879843E+01	-4.3495508E+01	 2.1009545E+01
-1.1700000E+01	 3.8000000E+00	 2.9000000E+01	 2.9879843E+01	-5.9495508E+01	 2.9013181E+01
-1.1700000E+01	 1.1000000E+01	-3.5000000E+01	-3.2886008E+01	 6.9269536E+01	-3.5015908E+01
-1.1700000E+01	 1.1000000E+01	-2.7000000E+01	-2.4886008E+01	 5.3269536E+01	-2.7012272E+01
-1.1700000E+01	 1.1000000E+01	-1.9000000E+01	-1.6886008E+01	 3.7269536E+01	-1.9008636E+01
-1.1700000E+01	 1.1000000E+01	-1.1000000E+01	-8.8860079E+00	 2.1269536E+01	-1.1005000E+01
-1.1700000E+01	 1.1000000E+01	-3.0000000E+00	-8.8600791E-01	 5.2695356E+00	-3.0013635E+00
-1.1700000E+01	 1.1000000E+01	 5.0000000E+00	 7.1139921E+00	-1.0730464E+01	 5.0022725E+00
-1.1700000E+01	 1.1000000E+01	 1.3000000E+01	 1.5113992E+01	-2.6730464E+01	 1.3005909E+01
-1.1700000E+01	 1.1000000E+01	 2.1000000E+01	 2.3113992E+01	-4.2730464E+01	 2.1009545E+01
-1.1700000E+01	 1.1000000E+01	 2.9000000E+01	 3.1113992E+01	-5.8730464E+01	 2.9013181E+01
-1.1700000E+01	 1.8200000E+01	-3.5000000E+01	-3.2701221E+01	 7.0397173E+01	-3.5015908E+01
-1.1700000E+01	 1.8200000E+01	-2.7000000E+01	-2.4701221E+01	 5.4397173E+01	-2.7012272E+01
-1.1700000E+01	 1.8200000E+01	-1.9000000E+01	-1.6701221E+01	 3.8397173E+01	-1.9008636E+01
-1.1700000E+01	 1.8200000E+01	-1.1000000E+01	-8.7012207E+00	 2.2397173E+01	-1.1005000E+01
-1.1700000E+01	 1.8200000E+01	-3.0000000E+00	-7.0122070E-01	 6.3971730E+00	-3.0013635E+00
-1.1700000E+01	 1.8200000E+01	 5.0000000E+00	 7.2987793E+00	-9.6028270E+00	 5.0022725E+00
-1.1700000E+01	 1.8200000E+01	 1.3000000E+01	 1.5298779E+01	-2.5602827E+01	 1.3005909E+01
-1.1700000E+01	 1.8200000E+01	 2.1000000E+01	 2.3298779E+01	-4.1602827E+01	 2.1009545E+01
-1.1700000E+01	 1.8200000E+01	 2.9000000E+01	 3.1298779E+01	-5.7602827E+01	 2.9013181E+01
-5.6000000E+00	-2.5000000E+01	-3.5000000E+01	-3.7157648E+01	 7.0694053E+01	-4.0364328E+01
-5.6000000E+00	-2.5000000E+01	-2.7000000E+01	-2.9157648E+01	 5.4694053E+01	-3.1138196E+01
-5.6000000E+00	-2.5000000E+01	-1.9000000E+01	-2.1157648E+01	 3.8694053E+01	-2.1912064E+01
-5.6000000E+00	-2.5000000E+01	-1.1000000E+01	-1.3157648E+01	 2.2694053E+01	-1.2685932E+01
-5.6000000E+00	-2.5000000E+01	-3.0000000E+00	-5.1576482E+00	 6.6940528E+00	-3.4597996E+00
-5.6000000E+00	-2.5000000E+01	 5.0000000E+00	 2.8423518E+00	-9.3059472E+00	 5.7663326E+00
-5.6000000E+00	-2.5000000E+01	 1.3000000E+01	 1.0842352E+01	-2.5305947E+01	 1.4992465E+01
-5.6000000E+00	-2.5000000E+01	 2.1000000E+01	 1.8842352E+01	-4.1305947E+01	 2.4218597E+01
-5.6000000E+00	-2.5000000E+01	 2.9000000E+01	 2.6842352E+01	-5.7305947E+01	 3.3444729E+01
-5.6000000E+00	-1.7800000E+01	-3.5000000E+01	-3.8526654E+01	 7.0179920E+01	-4.0364328E+01
-5.6000000E+00	-1.7800000E+01	-2.7000000E+01	-3.0526654E+01	 5.4179920E+01	-3.1138196E+01
-5.6000000E+00	-1.7800000E+01	-1.9000000E+01	-2.2526654E+01	 3.8179920E+01	-2.1912064E+01
-5.6000000E+00	-1.7800000E+01	-1.1000000E+01	-1.4526654E+01	 2.2179920E+01	-1.2685932E+01
-5.6000000E+00	-1.7800000E+01	-3.0000000E+00	-6.5266540E+00	 6.1799198E+00	-3.4597996E+00
-5.6000000E+00	-1.7800000E+01	 5.0000000E+00	 1.4733460E+00	-9.8200802E+00	 5.7663326E+00
-5.6000000E+00	-1.7800000E+01	 1.3000000E+01	 9.4733460E+00	-2.5820080E+01	 1.4992465E+01
-5.6000000E+00	-1.7800000E+01	 2.1000000E+01	 1.7473346E+01	-4.1820080E+01	 2.4218597E+01
-5.6000000E+00	-1.7800000E+01	 2.9000000E+01	 2.5473346E+01	-5.7820080E+01	 3.3444729E+01
-5.6000000E+00	-1.0600000E+01	-3.5000000E+01	-3.8145069E+01	 6.9576477E+01	-4.0364328E+01
-5.6000000E+00	-1.0600000E+01	-2.7000000E+01	-3.0145069E+01	 5.3576477E+01	-3.1138196E+01
-5.6000000E+00	-1.0600000E+01	-1.9000000E+01	-2.2145069E+01	 3.7576477E+01	-2.1912064E+01
-5.6000000E+00	-1.0600000E+01	-1.1000000E+01	-1.4145069E+01	 2.1576477E+01	-1.2685932E+01
-5.6000000E+00	-1.0600000E+01	-3.0000000E+00	-6.1450691E+00	 5.5764767E+00	-3.4597996E+00
-5.6000000E+00	-1.0600000E+01	 5.0000000E+00	 1.8549309E+00	-1.0423523E+01	 5.7663326E+00
-5.6000000E+00	-1.0600000E+01	 1.3000000E+01	 9.8549309E+00	-2.6423523E+01	 1.4992465E+01
-5.6000000E+00	-1.0600000E+01	 2.1000000E+01	 1.7854931E+01	-4.2423523E+01	 2.4218597E+01
-5.6000000E+00	-1.0600000E+01	 2.9000000E+01	 2.5854931E+01	-5.8423523E+01	 3.3444729E+01
-5.6000000E+00	-3.4000000E+00	-3.5000000E+01	-3.6202308E+01	 6.9183266E+01	-4.0364328E+01
-5.6000000E+00	-3.4000000E+00	-2.7000000E+01	-2.8202308E+01	 5.3183266E+01	-3.1138196E+01
-5.6000000E+00	-3.4000000E+00	-1.9000000E+01	-2.0202308E+01	 3.7183266E+01	-2.1912064E+01
-5.6000000E+00	-3.4000000E+00	-1.1000000E+01	-1.2202308E+01	 2.1183266E+01	-1.2685932E+01
-5.6000000E+00	-3.4000000E+00	-3.0000000E+00	-4.2023080E+00	 5.1832657E+00	-3.4597996E+00
-5.6000000E+00	-3.4000000E+00	 5.0000000E+00	 3.7976920E+00	-1.0816734E+01	 5.7663326E+00
-5.6000000E+00	-3.4000000E+00	 1.3000000E+01	 1.1797692E+01	-2.6816734E+01	 1.4992465E+01
-5.6000000E+00	-3.4000000E+00	 2.1000000E+01	 1.9797692E+01	-4.2816734E+01	 2.4218597E+01
-5.6000000E+00	-3.4000000E+00	 2.9000000E+01	 2.7797692E+01	-5.8816734E+01	 3.3444729E+01
-5.6000000E+00	 3.8000000E+00	-3.5000000E+01	-3.3662735E+01	 6.9195472E+01	-4.0364328E+01
-5.6000000E+00	 3.8000000E+00	-2.7000000E+01	-2.5662735E+01	 5.3195472E+01	-3.1138196E+01
-5.6000000E+00	 3.8000000E+00	-1.9000000E+01	-1.7662735E+01	 3.7195472E+01	-2.1912064E+01
-5.6000000E+00	 3.8000000E+00	-1.1000000E+01	-9.6627349E+00	 2.1195472E+01	-1.2685932E+01
-5.6000000E+00	 3.8000000E+00	-3.0000000E+00	-1.6627349E+00	 5.1954722E+00	-3.4597996E+00
-5.6000000E+00	 3.8000000E+00	 5.0000000E+00	 6.3372651E+00	-1.0804528E+01	 5.7663326E+00
-5.6000000E+00	 3.8000000E+00	 1.3000000E+01	 1.4337265E+01	-2.6804528E+01	 1.4992465E+01
-5.6000000E+00	 3.8000000E+00	 2.1000000E+01	 2.2337265E+01	-4.2804528E+01	 2.4218597E+01
-5.6000000E+00	 3.8000000E+00	 2.9000000E+01	 3.0337265E+01	-5.8804528E+01	 3.3444729E+01
-5.6000000E+00	 1.1000000E+01	-3.5000000E+01	-3.1786965E+01	 6.9607037E+01	-4.0364328E+01
-5.6000000E+00	 1.1000000E+01	-2.7000000E+01	-2.3786965E+01	 5.3607037E+01	-3.1138196E+01
-5.6000000E+00	 1.1000000E+01	-1.9000000E+01	-1.5786965E+01	 3.7607037E+01	-2.1912064E+01
-5.6000000E+00	 1.1000000E+01	-1.1000000E+01	-7.7869649E+00	 2.1607037E+01	-1.2685932E+01
-5.6000000E+00	 1.1000000E+01	-3.0000000E+00	 2.1303507E-01	 5.6070372E+00	-3.4597996E+00
-5.6000000E+00	 1.1000000E+01	 5.0000000E+00	 8.2130351E+00	-1.0392963E+01	 5.7663326E+00
-5.6000000E+00	 1.1000000E+01	 1.3000000E+01	 1.6213035E+01	-2.6392963E+01	 1.4992465E+01
-5.6000000E+00	 1.1000000E+01	 2.1000000E+01	 2.4213035E+01	-4.2392963E+01	 2.4218597E+01
-5.6000000E+00	 1.1000000E+01	 2.9000000E+01	 3.2213035E+01	-5.8392963E+01	 3.3444729E+01
-5.6000000E+00	 1.8200000E+01	-3.5000000E+01	-3.1506109E+01	 7.0213664E+01	-4.0364328E+01
-5.6000000E+00	 1.8200000E+01	-2.7000000E+01	-2.3506109E+01	 5.4213664E+01	-3.1138196E+01
-5.6000000E+00	 1.8200000E+01	-1.9000000E+01	-1.5506109E+01	 3.8213664E+01	-2.1912064E+01
-5.6000000E+00	 1.8200000E+01	-1.1000000E+01	-7.5061087E+00	 2.2213664E+01	-1.2685932E+01
-5.6000000E+00	 1.8200000E+01	-3.0000000E+00	 4.9389128E-01	 6.2136644E+00	-3.4597996E+00
-5.6000000E+00	 1.8200000E+01	 5.0000000E+00	 8.4938913E+00	-9.7863356E+00	 5.7663326E+00
-5.6000000E+00	 1.8200000E+01	 1.3000000E+01	 1.6493891E+01	-2.5786336E+01	 1.4992465E+01
-5.6000000E+00	 1.8200000E+01	 2.1000000E+01	 2.4493891E+01	-4.1786336E+01	 2.4218597E+01
-5.6000000E+00	 1.8200000E+01	 2.9000000E+01	 3.2493891E+01	-5.7786336E+01	 3.3444729E+01
 5.0000000E-01	-2.5000000E+01	-3.5000000E+01	-3.7391974E+01	 6.9935926E+01	-4.1986876E+01
 5.0000000E-01	-2.5000000E+01	-2.7000000E+01	-2.9391974E+01	 5.3935926E+01	-3.2389876E+01
 5.0000000E-01	-2.5000000E+01	-1.9000000E+01	-2.1391974E+01	 3.7935926E+01	-2.2792875E+01
 5.0000000E-01	-2.5000000E+01	-1.1000000E+01	-1.3391974E+01	 2.1935926E+01	-1.3195875E+01
 5.0000000E-01	-2.5000000E+01	-3.0000000E+00	-5.3919737E+00	 5.9359256E+00	-3.5988751E+00
 5.0000000E-01	-2.5000000E+01	 5.0000000E+00	 2.6080263E+00	-1.0064074E+01	 5.9981251E+00
 5.0000000E-01	-2.5000000E+01	 1.3000000E+01	 1.0608026E+01	-2.6064074E+01	 1.5595125E+01
 5.0000000E-01	-2.5000000E+01	 2.1000000E+01	 1.8608026E+01	-4.2064074E+01	 2.5192125E+01
 5.0000000E-01	-2.5000000E+01	 2.9000000E+01	 2.6608026E+01	-5.8064074E+01	 3.4789126E+01
 5.0000000E-01	-1.7800000E+01	-3.5000000E+01	-3.8909657E+01	 6.9983390E+01	-4.1986876E+01
 5.0000000E-01	-1.7800000E+01	-2.7000000E+01	-3.0909657E+01	 5.3983390E+01	-3.2389876E+01
 5.0000000E-01	-1.7800000E+01	-1.9000000E+01	-2.2909657E+01	 3.7983390E+01	-2.2792875E+01
 5.0000000E-01	-1.7800000E+01	-1.1000000E+01	-1.4909657E+01	 2.1983390E+01	-1.3195875E+01
 5.0000000E-01	-1.7800000E+01	-3.0000000E+00	-6.9096566E+00	 5.9833900E+00	-3.5988751E+00
 5.0000000E-01	-1.7800000E+01	 5.0000000E+00	 1.0903434E+00	-1.0016610E+01	 5.9981251E+00
 5.0000000E-01	-1.7800000E+01	 1.3000000E+01	 9.0903434E+00	-2.6016610E+01	 1.5595125E+01
 5.0000000E-01	-1.7800000E+01	 2.1000000E+01	 1.7090343E+01	-4.2016610E+01	 2.5192125E+01
 5.0000000E-01	-1.7800000E+01	 2.9000000E+01	 2.5090343E+01	-5.8016610E+01	 3.4789126E+01
 5.0000000E-01	-1.0600000E+01	-3.5000000E+01	-3.8486631E+01	 7.0039099E+01	-4.1986876E+01
 5.0000000E-01	-1.0600000E+01	-2.7000000E+01	-3.0486631E+01	 5.4039099E+01	-3.2389876E+01
 5.0000000E-01	-1.0600000E+01	-1.9000000E+01	-2.2486631E+01	 3.8039099E+01	-2.2792875E+01
 5.0000000E-01	-1.0600000E+01	-1.1000000E+01	-1.4486631E+01	 2.2039099E+01	-1.3195875E+01
 5.0000000E-01	-1.0600000E+01	-3.0000000E+00	-6.4866308E+00	 6.0390993E+00	-3.5988751E+00
 5.0000000E-01	-1.0600000E+01	 5.0000000E+00	 1.5133692E+00	-9.9609007E+00	 5.9981251E+00
 5.0000000E-01	-1.0600000E+01	 1.3000000E+01	 9.5133692E+00	-2.5960901E+01	 1.5595125E+01
 5.0000000E-01	-1.0600000E+01	 2.1000000E+01	 1.7513369E+01	-4.1960901E+01	 2.5192125E+01
 5.0000000E-01	-1.0600000E+01	 2.9000000E+01	 2.5513369E+01	-5.7960901E+01	 3.4789126E+01
 5.0000000E-01	-3.4000000E+00	-3.5000000E+01	-3.6332881E+01	 7.0075400E+01	-4.1986876E+01
 5.0000000E-01	-3.4000000E+00	-2.7000000E+01	-2.8332881E+01	 5.4075400E+01	-3.2389876E+01
 5.0000000E-01	-3.4000000E+00	-1.9000000E+01	-2.0332881E+01	 3.8075400E+01	-2.2792875E+01
 5.0000000E-01	-3.4000000E+00	-1.1000000E+01	-1.2332881E+01	 2.2075400E+01	-1.3195875E+01
 5.0000000E-01	-3.4000000E+00	-3.0000000E+00	-4.3328814E+00	 6.0754003E+00	-3.5988751E+00
 5.0000000E-01	-3.4000000E+00	 5.0000000E+00	 3.6671186E+00	-9.9245997E+00	 5.9981251E+00
 5.0000000E-01	-3.4000000E+00	 1.3000000E+01	 1.1667119E+01	-2.5924600E+01	 1.5595125E+01
 5.0000000E-01	-3.4000000E+00	 2.1000000E+01	 1.9667119E+01	-4.1924600E+01	 2.5192125E+01
 5.0000000E-01	-3.4000000E+00	 2.9000000E+01	 2.7667119E+01	-5.7924600E+01	 3.4789126E+01
 5.0000000E-01	 3.8000000E+00	-3.5000000E+01	-3.3517505E+01	 7.0074273E+01	-4.1986876E+01
 5.0000000E-01	 3.8000000E+00	-2.7000000E+01	-2.5517505E+01	 5.4074273E+01	-3.2389876E+01
 5.0000000E-01	 3.8000000E+00	-1.9000000E+01	-1.7517505E+01	 3.8074273E+01	-2.2792875E+01
 5.0000000E-01	 3.8000000E+00	-1.1000000E+01	-9.5175049E+00	 2.2074273E+01	-1.3195875E+01
 5.0000000E-01	 3.8000000E+00	-3.0000000E+00	-1.5175049E+00	 6.0742734E+00	-3.5988751E+00
 5.0000000E-01	 3.8000000E+00	 5.0000000E+00	 6.4824951E+00	-9.9257266E+00	 5.9981251E+00
 5.0000000E-01	 3.8000000E+00	 1.3000000E+01	 1.4482495E+01	-2.5925727E+01	 1.5595125E+01
 5.0000000E-01	 3.8000000E+00	 2.1000000E+01	 2.2482495E+01	-4.1925727E+01	 2.5192125E+01
 5.0000000E-01	 3.8000000E+00	 2.9000000E+01	 3.0482495E+01	-5.7925727E+01	 3.4789126E+01
 5.0000000E-01	 1.1000000E+01	-3.5000000E+01	-3.1438022E+01	 7.0036278E+01	-4.1986876E+01
 5.0000000E-01	 1.1000000E+01	-2.7000000E+01	-2.3438022E+01	 5.4036278E+01	-3.2389876E+01
 5.0000000E-01	 1.1000000E+01	-1.9000000E+01	-1.5438022E+01	 3.8036278E+01	-2.2792875E+01
 5.0000000E-01	 1.1000000E+01	-1.1000000E+01	-7.4380220E+00	 2.2036278E+01	-1.3195875E+01
 5.0000000E-01	 1.1000000E+01	-3.0000000E+00	 5.6197796E-01	 6.0362780E+00	-3.5988751E+00
 5.0000000E-01	 1.1000000E+01	 5.0000000E+00	 8.5619780E+00	-9.9637220E+00	 5.9981251E+00
 5.0000000E-01	 1.1000000E+01	 1.3000000E+01	 1.6561978E+01	-2.5963722E+01	 1.5595125E+01
 5.0000000E-01	 1.1000000E+01	 2.1000000E+01	 2.4561978E+01	-4.1963722E+01	 2.5192125E+01
 5.0000000E-01	 1.1000000E+01	 2.9000000E+01	 3.2561978E+01	-5.7963722E+01	 3.4789126E+01
 5.0000000E-01	 1.8200000E+01	-3.5000000E+01	-3.1126664E+01	 6.9980275E+01	-4.1986876E+01
 5.0000000E-01	 1.8200000E+01	-2.7000000E+01	-2.3126664E+01	 5.3980275E+01	-3.2389876E+01
 5.0000000E-01	 1.8200000E+01	-1.9000000E+01	-1.5126664E+01	 3.7980275E+01	-2.2792875E+01
 5.0000000E-01	 1.8200000E+01	-1.1000000E+01	-7.1266642E+00	 2.1980275E+01	-1.3195875E+01
 5.0000000E-01	 1.8200000E+01	-3.0000000E+00	 8.7333578E-01	 5.9802747E+00	-3.5988751E+00
 5.0000000E-01	 1.8200000E+01	 5.0000000E+00	 8.8733358E+00	-1.0019725E+01	 5.9981251E+00
 5.0000000E-01	 1.8200000E+01	 1.3000000E+01	 1.6873336E+01	-2.6019725E+01	 1.5595125E+01
 5.0000000E-01	 1.8200000E+01	 2.1000000E+01	 2.4873336E+01	-4.2019725E+01	 2.5192125E+01
 5.0000000E-01	 1.8200000E+01	 2.9000000E+01	 3.2873336E+01	-5.8019725E+01	 3.4789126E+01
 6.6000000E+00	-2.5000000E+01	-3.5000000E+01	-3.7067880E+01	 6.9192757E+01	-3.9733778E+01
 6.6000000E+00	-2.5000000E+01	-2.7000000E+01	-2.9067880E+01	 5.3192757E+01	-3.0651772E+01
 6.6000000E+00	-2.5000000E+01	-1.9000000E+01	-2.1067880E+01	 3.7192757E+01	-2.1569765E+01
 6.6000000E+00	-2.5000000E+01	-1.1000000E+01	-1.3067880E+01	 2.1192757E+01	-1.2487759E+01
 6.6000000E+00	-2.5000000E+01	-3.0000000E+00	-5.0678802E+00	 5.1927569E+00	-3.4057524E+00
 6.6000000E+00	-2.5000000E+01	 5.0000000E+00	 2.9321198E+00	-1.0807243E+01	 5.6762541E+00
 6.6000000E+00	-2.5000000E+01	 1.3000000E+01	 1.0932120E+01	-2.6807243E+01	 1.4758261E+01
 6.6000000E+00	-2.5000000E+01	 2.1000000E+01	 1.8932120E+01	-4.2807243E+01	 2.3840267E+01
 6.6000000E+00	-2.5000000E+01	 2.9000000E+01	 2.6932120E+01	-5.8807243E+01	 3.2922274E+01
 6.6000000E+00	-1.7800000E+01	-3.5000000E+01	-3.8379929E+01	 6.9790738E+01	-3.9733778E+01
 6.6000000E+00	-1.7800000E+01	-2.7000000E+01	-3.0379929E+01	 5.3790738E+01	-3.0651772E+01
 6.6000000E+00	-1.7800000E+01	-1.9000000E+01	-2.2379929E+01	 3.7790738E+01	-2.1569765E+01
 6.6000000E+00	-1.7800000E+01	-1.1000000E+01	-1.4379929E+01	 2.1790738E+01	-1.2487759E+01
 6.6000000E+00	-1.7800000E+01	-3.0000000E+00	-6.3799291E+00	 5.7907378E+00	-3.4057524E+00
 6.6000000E+00	-1.7800000E+01	 5.0000000E+00	 1.6200709E+00	-1.0209262E+01	 5.6762541E+00
 6.6000000E+00	-1.7800000E+01	 1.3000000E+01	 9.6200709E+00	-2.6209262E+01	 1.4758261E+01
 6.6000000E+00	-1.7800000E+01	 2.1000000E+01	 1.7620071E+01	-4.2209262E+01	 2.3840267E+01
 6.6000000E+00	-1.7800000E+01	 2.9000000E+01	 2.5620071E+01	-5.8209262E+01	 3.2922274E+01
 6.6000000E+00	-1.0600000E+01	-3.5000000E+01	-3.8014220E+01	 7.0492594E+01	-3.9733778E+01
 6.6000000E+00	-1.0600000E+01	-2.7000000E+01	-3.0014220E+01	 5.4492594E+01	-3.0651772E+01
 6.6000000E+00	-1.0600000E+01	-1.9000000E+01	-2.2014220E+01	 3.8492594E+01	-2.1569765E+01
 6.6000000E+00	-1.0600000E+01	-1.1000000E+01	-1.4014220E+01	 2.2492594E+01	-1.2487759E+01
 6.6000000E+00	-1.0600000E+01	-3.0000000E+00	-6.0142199E+00	 6.4925941E+00	-3.4057524E+00
 6.6000000E+00	-1.0600000E+01	 5.0000000E+00	 1.9857801E+00	-9.5074059E+00	 5.6762541E+00
 6.6000000E+00	-1.0600000E+01	 1.3000000E+01	 9.9857801E+00	-2.5507406E+01	 1.4758261E+01
 6.6000000E+00	-1.0600000E+01	 2.1000000E+01	 1.7985780E+01	-4.1507406E+01	 2.3840267E+01
 6.6000000E+00	-1.0600000E+01	 2.9000000E+01	 2.5985780E+01	-5.7507406E+01	 3.2922274E+01
 6.6000000E+00	-3.4000000E+00	-3.5000000E+01	-3.6152286E+01	 7.0949932E+01	-3.9733778E+01
 6.6000000E+00	-3.4000000E+00	-2.7000000E+01	-2.8152286E+01	 5.4949932E+01	-3.0651772E+01
 6.6000000E+00	-3.4000000E+00	-1.9000000E+01	-2.0152286E+01	 3.8949932E+01	-2.1569765E+01
 6.6000000E+00	-3.4000000E+00	-1.1000000E+01	-1.2152286E+01	 2.2949932E+01	-1.2487759E+01
 6.6000000E+00	-3.4000000E+00	-3.0000000E+00	-4.1522865E+00	 6.9499323E+00	-3.4057524E+00
 6.6000000E+00	-3.4000000E+00	 5.0000000E+00	 3.8477135E+00	-9.0500677E+00	 5.6762541E+00
 6.6000000E+00	-3.4000000E+00	 1.3000000E+01	 1.1847714E+01	-2.5050068E+01	 1.4758261E+01
 6.6000000E+00	-3.4000000E+00	 2.1000000E+01	 1.9847714E+01	-4.1050068E+01	 2.3840267E+01
 6.6000000E+00	-3.4000000E+00	 2.9000000E+01	 2.7847714E+01	-5.7050068E+01	 3.2922274E+01
 6.6000000E+00	 3.8000000E+00	-3.5000000E+01	-3.3718371E+01	 7.0935735E+01	-3.9733778E+01
 6.6000000E+00	 3.8000000E+00	-2.7000000E+01	-2.5718371E+01	 5.4935735E+01	-3.0651772E+01
 6.6000000E+00	 3.8000000E+00	-1.9000000E+01	-1.7718371E+01	 3.8935735E+01	-2.1569765E+01
 6.6000000E+00	 3.8000000E+00	-1.1000000E+01	-9.7183712E+00	 2.2935735E+01	-1.2487759E+01
 6.6000000E+00	 3.8000000E+00	-3.0000000E+00	-1.7183712E+00	 6.9357350E+00	-3.4057524E+00
 6.6000000E+00	 3.8000000E+00	 5.0000000E+00	 6.2816288E+00	-9.0642650E+00	 5.6762541E+00
 6.6000000E+00	 3.8000000E+00	 1.3000000E+01	 1.4281629E+01	-2.5064265E+01	 1.4758261E+01
 6.6000000E+00	 3.8000000E+00	 2.1000000E+01	 2.2281629E+01	-4.1064265E+01	 2.3840267E+01
 6.6000000E+00	 3.8000000E+00	 2.9000000E+01	 3.0281629E+01	-5.7064265E+01	 3.2922274E+01
 6.6000000E+00	 1.1000000E+01	-3.5000000E+01	-3.1920642E+01	 7.0457050E+01	-3.9733778E+01
 6.6000000E+00	 1.1000000E+01	-2.7000000E+01	-2.3920642E+01	 5.4457050E+01	-3.0651772E+01
 6.6000000E+00	 1.1000000E+01	-1.9000000E+01	-1.5920642E+01	 3.8457050E+01	-2.1569765E+01
 6.6000000E+00	 1.1000000E+01	-1.1000000E+01	-7.9206418E+00	 2.2457050E+01	-1.2487759E+01
 6.6000000E+00	 1.1000000E+01	-3.0000000E+00	 7.9358173E-02	 6.4570495E+00	-3.4057524E+00
 6.6000000E+00	 1.1000000E+01	 5.0000000E+00	 8.0793582E+00	-9.5429505E+00	 5.6762541E+00
 6.6000000E+00	 1.1000000E+01	 1.3000000E+01	 1.6079358E+01	-2.5542950E+01	 1.4758261E+01
 6.6000000E+00	 1.1000000E+01	 2.1000000E+01	 2.4079358E+01	-4.1542950E+01	 2.3840267E+01
 6.6000000E+00	 1.1000000E+01	 2.9000000E+01	 3.2079358E+01	-5.7542950E+01	 3.2922274E+01
 6.6000000E+00	 1.8200000E+01	-3.5000000E+01	-3.1651471E+01	 6.9751490E+01	-3.9733778E+01
 6.6000000E+00	 1.8200000E+01	-2.7000000E+01	-2.3651471E+01	 5.3751490E+01	-3.0651772E+01
 6.6000000E+00	 1.8200000E+01	-1.9000000E+01	-1.5651471E+01	 3.7751490E+01	-2.1569765E+01
 6.6000000E+00	 1.8200000E+01	-1.1000000E+01	-7.6514705E+00	 2.1751490E+01	-1.2487759E+01
 6.6000000E+00	 1.8200000E+01	-3.0000000E+00	 3.4852948E-01	 5.7514900E+00	-3.4057524E+00
 6.6000000E+00	 1.8200000E+01	 5.0000000E+00	 8.3485295E+00	-1.0248510E+01	 5.6762541E+00
 6.6000000E+00	 1.8200000E+01	 1.3000000E+01	 1.6348529E+01	-2.6248510E+01	 1.4758261E+01
 6.6000000E+00	 1.8200000E+01	 2.1000000E+01	 2.4348529E+01	-4.2248510E+01	 2.3840267E+01
 6.6000000E+00	 1.8200000E+01	 2.9000000E+01	 3.2348529E+01	-5.8248510E+01	 3.2922274E+01
 1.2700000E+01	-2.5000000E+01	-3.5000000E+01	-3.6261029E+01	 6.8638043E+01	-3.3813011E+01
 1.2700000E+01	-2.5000000E+01	-2.7000000E+01	-2.8261029E+01	 5.2638043E+01	-2.6084323E+01
 1.2700000E+01	-2.5000000E+01	-1.9000000E+01	-2.0261029E+01	 3.6638043E+01	-1.8355635E+01
 1.2700000E+01	-2.5000000E+01	-1.1000000E+01	-1.2261029E+01	 2.0638043E+01	-1.0626946E+01
 1.2700000E+01	-2.5000000E+01	-3.0000000E+00	-4.2610291E+00	 4.6380434E+00	-2.8982581E+00
 1.2700000E+01	-2.5000000E+01	 5.0000000E+00	 3.7389709E+00	-1.1361957E+01	 4.8304302E+00
 1.2700000E+01	-2.5000000E+01	 1.3000000E+01	 1.1738971E+01	-2.7361957E+01	 1.2559118E+01
 1.2700000E+01	-2.5000000E+01	 2.1000000E+01	 1.9738971E+01	-4.3361957E+01	 2.0287807E+01
 1.2700000E+01	-2.5000000E+01	 2.9000000E+01	 2.7738971E+01	-5.9361957E+01	 2.8016495E+01
 1.2700000E+01	-1.7800000E+01	-3.5000000E+01	-3.7061139E+01	 6.9646939E+01	-3.3813011E+01
 1.2700000E+01	-1.7800000E+01	-2.7000000E+01	-2.9061139E+01	 5.3646939E+01	-2.6084323E+01
 1.2700000E+01	-1.7800000E+01	-1.9000000E+01	-2.1061139E+01	 3.7646939E+01	-1.8355635E+01
 1.2700000E+01	-1.7800000E+01	-1.1000000E+01	-1.3061139E+01	 2.1646939E+01	-1.0626946E+01
 1.2700000E+01	-1.7800000E+01	-3.0000000E+00	-5.0611392E+00	 5.6469391E+00	-2.8982581E+00
 1.2700000E+01	-1.7800000E+01	 5.0000000E+00	 2.9388608E+00	-1.0353061E+01	 4.8304302E+00
 1.2700000E+01	-1.7800000E+01	 1.3000000E+01	 1.0938861E+01	-2.6353061E+01	 1.2559118E+01
 1.2700000E+01	-1.7800000E+01	 2.1000000E+01	 1.8938861E+01	-4.2353061E+01	 2.0287807E+01
 1.2700000E+01	-1.7800000E+01	 2.9000000E+01	 2.6938861E+01	-5.8353061E+01	 2.8016495E+01
 1.2700000E+01	-1.0600000E+01	-3.5000000E+01	-3.6838123E+01	 7.0831090E+01	-3.3813011E+01
 1.2700000E+01	-1.0600000E+01	-2.7000000E+01	-2.8838123E+01	 5.4831090E+01	-2.6084323E+01
 1.2700000E+01	-1.0600000E+01	-1.9000000E+01	-2.0838123E+01	 3.8831090E+01	-1.8355635E+01
 1.2700000E+01	-1.0600000E+01	-1.1000000E+01	-1.2838123E+01	 2.2831090E+01	-1.0626946E+01
 1.2700000E+01	-1.0600000E+01	-3.0000000E+00	-4.8381234E+00	 6.8310901E+00	-2.8982581E+00
 1.2700000E+01	-1.0600000E+01	 5.0000000E+00	 3.1618766E+00	-9.1689099E+00	 4.8304302E+00
 1.2700000E+01	-1.0600000E+01	 1.3000000E+01	 1.1161877E+01	-2.5168910E+01	 1.2559118E+01
 1.2700000E+01	-1.0600000E+01	 2.1000000E+01	 1.9161877E+01	-4.1168910E+01	 2.0287807E+01
 1.2700000E+01	-1.0600000E+01	 2.9000000E+01	 2.7161877E+01	-5.7168910E+01	 2.8016495E+01
 1.2700000E+01	-3.4000000E+00	-3.5000000E+01	-3.5702684E+01	 7.1602698E+01	-3.3813011E+01
 1.2700000E+01	-3.4000000E+00	-2.7000000E+01	-2.7702684E+01	 5.5602698E+01	-2.6084323E+01
 1.2700000E+01	-3.4000000E+00	-1.9000000E+01	-1.9702684E+01	 3.9602698E+01	-1.8355635E+01
 1.2700000E+01	-3.4000000E+00	-1.1000000E+01	-1.1702684E+01	 2.3602698E+01	-1.0626946E+01
 1.2700000E+01	-3.4000000E+00	-3.0000000E+00	-3.7026842E+00	 7.6026975E+00	-2.8982581E+00
 1.2700000E+01	-3.4000000E+00	 5.0000000E+00	 4.2973158E+00	-8.3973025E+00	 4.8304302E+00
 1.2700000E+01	-3.4000000E+00	 1.3000000E+01	 1.2297316E+01	-2.4397302E+01	 1.2559118E+01
 1.2700000E+01	-3.4000000E+00	 2.1000000E+01	 2.0297316E+01	-4.0397302E+01	 2.0287807E+01
 1.2700000E+01	-3.4000000E+00	 2.9000000E+01	 2.8297316E+01	-5.6397302E+01	 2.8016495E+01
 1.2700000E+01	 3.8000000E+00	-3.5000000E+01	-3.4218441E+01	 7.1578744E+01	-3.3813011E+01
 1.2700000E+01	 3.8000000E+00	-2.7000000E+01	-2.6218441E+01	 5.5578744E+01	-2.6084323E+01
 1.2700000E+01	 3.8000000E+00	-1.9000000E+01	-1.8218441E+01	 3.9578744E+01	-1.8355635E+01
 1.2700000E+01	 3.8000000E+00	-1.1000000E+01	-1.0218441E+01	 2.3578744E+01	-1.0626946E+01
 1.2700000E+01	 3.8000000E+00	-3.0000000E+00	-2.2184406E+00	 7.5787443E+00	-2.8982581E+00
 1.2700000E+01	 3.8000000E+00	 5.0000000E+00	 5.7815594E+00	-8.4212557E+00	 4.8304302E+00
 1.2700000E+01	 3.8000000E+00	 1.3000000E+01	 1.3781559E+01	-2.4421256E+01	 1.2559118E+01
 1.2700000E+01	 3.8000000E+00	 2.1000000E+01	 2.1781559E+01	-4.0421256E+01	 2.0287807E+01
 1.2700000E+01	 3.8000000E+00	 2.9000000E+01	 2.9781559E+01	-5.6421256E+01	 2.8016495E+01
 1.2700000E+01	 1.1000000E+01	-3.5000000E+01	-3.3122154E+01	 7.0771120E+01	-3.3813011E+01
 1.2700000E+01	 1.1000000E+01	-2.7000000E+01	-2.5122154E+01	 5.4771120E+01	-2.6084323E+01
 1.2700000E+01	 1.1000000E+01	-1.9000000E+01	-1.7122154E+01	 3.8771120E+01	-1.8355635E+01
 1.2700000E+01	 1.1000000E+01	-1.1000000E+01	-9.1221541E+00	 2.2771120E+01	-1.0626946E+01
 1.2700000E+01	 1.1000000E+01	-3.0000000E+00	-1.1221541E+00	 6.7711204E+00	-2.8982581E+00
 1.2700000E+01	 1.1000000E+01	 5.0000000E+00	 6.8778459E+00	-9.2288796E+00	 4.8304302E+00
 1.2700000E+01	 1.1000000E+01	 1.3000000E+01	 1.4877846E+01	-2.5228880E+01	 1.2559118E+01
 1.2700000E+01	 1.1000000E+01	 2.1000000E+01	 2.2877846E+01	-4.1228880E+01	 2.0287807E+01
 1.2700000E+01	 1.1000000E+01	 2.9000000E+01	 3.0877846E+01	-5.7228880E+01	 2.8016495E+01
 1.2700000E+01	 1.8200000E+01	-3.5000000E+01	-3.2958009E+01	 6.9580721E+01	-3.3813011E+01
 1.2700000E+01	 1.8200000E+01	-2.7000000E+01	-2.4958009E+01	 5.3580721E+01	-2.6084323E+01
 1.2700000E+01	 1.8200000E+01	-1.9000000E+01	-1.6958009E+01	 3.7580721E+01	-1.8355635E+01
 1.2700000E+01	 1.8200000E+01	-1.1000000E+01	-8.9580088E+00	 2.1580721E+01	-1.0626946E+01
 1.2700000E+01	 1.8200000E+01	-3.0000000E+00	-9.5800881E-01	 5.5807213E+00	-2.8982581E+00
 1.2700000E+01	 1.8200000E+01	 5.0000000E+00	 7.0419912E+00	-1.0419279E+01	 4.8304302E+00
 1.2700000E+01	 1.8200000E+01	 1.3000000E+01	 1.5041991E+01	-2.6419279E+01	 1.2559118E+01
 1.2700000E+01	 1.8200000E+01	 2.1000000E+01	 2.3041991E+01	-4.2419279E+01	 2.0287807E+01
 1.2700000E+01	 1.8200000E+01	 2.9000000E+01	 3.1041991E+01	-5.8419279E+01	 2.8016495E+01
 1.8800000E+01	-2.5000000E+01	-3.5000000E+01	-3.5159784E+01	 6.8401286E+01	-2.4771097E+01
 1.8800000E+01	-2.5000000E+01	-2.7000000E+01	-2.7159784E+01	 5.2401286E+01	-1.9109132E+01
 1.8800000E+01	-2.5000000E+01	-1.9000000E+01	-1.9159784E+01	 3.6401286E+01	-1.3447167E+01
 1.8800000E+01	-2.5000000E+01	-1.1000000E+01	-1.1159784E+01	 2.0401286E+01	-7.7852019E+00
 1.8800000E+01	-2.5000000E+01	-3.0000000E+00	-3.1597841E+00	 4.4012859E+00	-2.1232369E+00
 1.8800000E+01	-2.5000000E+01	 5.0000000E+00	 4.8402159E+00	-1.1598714E+01	 3.5387282E+00
 1.8800000E+01	-2.5000000E+01	 1.3000000E+01	 1.2840216E+01	-2.7598714E+01	 9.2006932E+00
 1.8800000E+01	-2.5000000E+01	 2.1000000E+01	 2.0840216E+01	-4.3598714E+01	 1.4862658E+01
 1.8800000E+01	-2.5000000E+01	 2.9000000E+01	 2.8840216E+01	-5.9598714E+01	 2.0524623E+01
 1.8800000E+01	-1.7800000E+01	-3.5000000E+01	-3.5261165E+01	 6.9585564E+01	-2.4771097E+01
 1.8800000E+01	-1.7800000E+01	-2.7000000E+01	-2.7261165E+01	 5.3585564E+01	-1.9109132E+01
 1.8800000E+01	-1.7800000E+01	-1.9000000E+01	-1.9261165E+01	 3.7585564E+01	-1.3447167E+01
 1.8800000E+01	-1.7800000E+01	-1.1000000E+01	-1.1261165E+01	 2.1585564E+01	-7.7852019E+00
 1.8800000E+01	-1.7800000E+01	-3.0000000E+00	-3.2611655E+00	 5.5855643E+00	-2.1232369E+00
 1.8800000E+01	-1.7800000E+01	 5.0000000E+00	 4.7388345E+00	-1.0414436E+01	 3.5387282E+00
 1.8800000E+01	-1.7800000E+01	 1.3000000E+01	 1.2738835E+01	-2.6414436E+01	 9.2006932E+00
 1.8800000E+01	-1.7800000E+01	 2.1000000E+01	 2.0738835E+01	-4.2414436E+01	 1.4862658E+01
 1.8800000E+01	-1.7800000E+01	 2.9000000E+01	 2.8738835E+01	-5.8414436E+01	 2.0524623E+01
 1.8800000E+01	-1.0600000E+01	-3.5000000E+01	-3.5232907E+01	 7.0975564E+01	-2.4771097E+01
 1.8800000E+01	-1.0600000E+01	-2.7000000E+01	-2.7232907E+01	 5.4975564E+01	-1.9109132E+01
 1.8800000E+01	-1.0600000E+01	-1.9000000E+01	-1.9232907E+01	 3.8975564E+01	-1.3447167E+01
 1.8800000E+01	-1.0600000E+01	-1.1000000E+01	-1.1232907E+01	 2.2975564E+01	-7.7852019E+00
 1.8800000E+01	-1.0600000E+01	-3.0000000E+00	-3.2329073E+00	 6.9755637E+00	-2.1232369E+00
 1.8800000E+01	-1.0600000E+01	 5.0000000E+00	 4.7670927E+00	-9.0244363E+00	 3.5387282E+00
 1.8800000E+01	-1.0600000E+01	 1.3000000E+01	 1.2767093E+01	-2.5024436E+01	 9.2006932E+00
 1.8800000E+01	-1.0600000E+01	 2.1000000E+01	 2.0767093E+01	-4.1024436E+01	 1.4862658E+01
 1.8800000E+01	-1.0600000E+01	 2.9000000E+01	 2.8767093E+01	-5.7024436E+01	 2.0524623E+01
 1.8800000E+01	-3.4000000E+00	-3.5000000E+01	-3.5089037E+01	 7.1881305E+01	-2.4771097E+01
 1.8800000E+01	-3.4000000E+00	-2.7000000E+01	-2.7089037E+01	 5.5881305E+01	-1.9109132E+01
 1.8800000E+01	-3.4000000E+00	-1.9000000E+01	-1.9089037E+01	 3.9881305E+01	-1.3447167E+01
 1.8800000E+01	-3.4000000E+00	-1.1000000E+01	-1.1089037E+01	 2.3881305E+01	-7.7852019E+00
 1.8800000E+01	-3.4000000E+00	-3.0000000E+00	-3.0890366E+00	 7.8813046E+00	-2.1232369E+00
 1.8800000E+01	-3.4000000E+00	 5.0000000E+00	 4.9109634E+00	-8.1186954E+00	 3.5387282E+00
 1.8800000E+01	-3.4000000E+00	 1.3000000E+01	 1.2910963E+01	-2.4118695E+01	 9.2006932E+00
 1.8800000E+01	-3.4000000E+00	 2.1000000E+01	 2.0910963E+01	-4.0118695E+01	 1.4862658E+01
 1.8800000E+01	-3.4000000E+00	 2.9000000E+01	 2.8910963E+01	-5.6118695E+01	 2.0524623E+01
 1.8800000E+01	 3.8000000E+00	-3.5000000E+01	-3.4900969E+01	 7.1853187E+01	-2.4771097E+01
 1.8800000E+01	 3.8000000E+00	-2.7000000E+01	-2.6900969E+01	 5.5853187E+01	-1.9109132E+01
 1.8800000E+01	 3.8000000E+00	-1.9000000E+01	-1.8900969E+01	 3.9853187E+01	-1.3447167E+01
 1.8800000E+01	 3.8000000E+00	-1.1000000E+01	-1.0900969E+01	 2.3853187E+01	-7.7852019E+00
 1.8800000E+01	 3.8000000E+00	-3.0000000E+00	-2.9009692E+00	 7.8531873E+00	-2.1232369E+00
 1.8800000E+01	 3.8000000E+00	 5.0000000E+00	 5.0990308E+00	-8.1468127E+00	 3.5387282E+00
 1.8800000E+01	 3.8000000E+00	 1.3000000E+01	 1.3099031E+01	-2.4146813E+01	 9.2006932E+00
 1.8800000E+01	 3.8000000E+00	 2.1000000E+01	 2.1099031E+01	-4.0146813E+01	 1.4862658E+01
 1.8800000E+01	 3.8000000E+00	 2.9000000E+01	 2.9099031E+01	-5.6146813E+01	 2.0524623E+01
 1.8800000E+01	 1.1000000E+01	-3.5000000E+01	-3.4762060E+01	 7.0905169E+01	-2.4771097E+01
 1.8800000E+01	 1.1000000E+01	-2.7000000E+01	-2.6762060E+01	 5.4905169E+01	-1.9109132E+01
 1.8800000E+01	 1.1000000E+01	-1.9000000E+01	-1.8762060E+01	 3.8905169E+01	-1.3447167E+01
 1.8800000E+01	 1.1000000E+01	-1.1000000E+01	-1.0762060E+01	 2.2905169E+01	-7.7852019E+00
 1.8800000E+01	 1.1000000E+01	-3.0000000E+00	-2.7620595E+00	 6.9051692E+00	-2.1232369E+00
 1.8800000E+01	 1.1000000E+01	 5.0000000E+00	 5.2379405E+00	-9.0948308E+00	 3.5387282E+00
 1.8800000E+01	 1.1000000E+01	 1.3000000E+01	 1.3237940E+01	-2.5094831E+01	 9.2006932E+00
 1.8800000E+01	 1.1000000E+01	 2.1000000E+01	 2.1237940E+01	-4.1094831E+01	 1.4862658E+01
 1.8800000E+01	 1.1000000E+01	 2.9000000E+01	 2.9237940E+01	-5.7094831E+01	 2.0524623E+01
 1.8800000E+01	 1.8200000E+01	-3.5000000E+01	-3.4741261E+01	 6.9507835E+01	-2.4771097E+01
 1.8800000E+01	 1.8200000E+01	-2.7000000E+01	-2.6741261E+01	 5.3507835E+01	-1.9109132E+01
 1.8800000E+01	 1.8200000E+01	-1.9000000E+01	-1.8741261E+01	 3.7507835E+01	-1.3447167E+01
 1.8800000E+01	 1.8200000E+01	-1.1000000E+01	-1.0741261E+01	 2.1507835E+01	-7.7852019E+00
 1.8800000E+01	 1.8200000E+01	-3.0000000E+00	-2.7412608E+00	 5.5078354E+00	-2.1232369E+00
 1.8800000E+01	 1.8200000E+01	 5.0000000E+00	 5.2587392E+00	-1.0492165E+01	 3.5387282E+00
 1.8800000E+01	 1.8200000E+01	 1.3000000E+01	 1.3258739E+01	-2.6492165E+01	 9.2006932E+00
 1.8800000E+01	 1.8200000E+01	 2.1000000E+01	 2.1258739E+01	-4.2492165E+01	 1.4862658E+01
 1.8800000E+01	 1.8200000E+01	 2.9000000E+01	 2.9258739E+01	-5.8492165E+01	 2.0524623E+01
 2.4900000E+01	-2.5000000E+01	-3.5000000E+01	-3.4021237E+01	 6.8537757E+01	-1.3442660E+01
 2.4900000E+01	-2.5000000E+01	-2.7000000E+01	-2.6021237E+01	 5.2537757E+01	-1.0370052E+01
 2.4900000E+01	-2.5000000E+01	-1.9000000E+01	-1.8021237E+01	 3.6537757E+01	-7.2974438E+00
 2.4900000E+01	-2.5000000E+01	-1.1000000E+01	-1.0021237E+01	 2.0537757E+01	-4.2248359E+00
 2.4900000E+01	-2.5000000E+01	-3.0000000E+00	-2.0212366E+00	 4.5377567E+00	-1.1522280E+00
 2.4900000E+01	-2.5000000E+01	 5.0000000E+00	 5.9787634E+00	-1.1462243E+01	 1.9203799E+00
 2.4900000E+01	-2.5000000E+01	 1.3000000E+01	 1.3978763E+01	-2.7462243E+01	 4.9929879E+00
 2.4900000E+01	-2.5000000E+01	 2.1000000E+01	 2.1978763E+01	-4.3462243E+01	 8.0655958E+00
 2.4900000E+01	-2.5000000E+01	 2.9000000E+01	 2.9978763E+01	-5.9462243E+01	 1.1138204E+01
 2.4900000E+01	-1.7800000E+01	-3.5000000E+01	-3.3400221E+01	 6.9620942E+01	-1.3442660E+01
 2.4900000E+01	-1.7800000E+01	-2.7000000E+01	-2.5400221E+01	 5.3620942E+01	-1.0370052E+01
 2.4900000E+01	-1.7800000E+01	-1.9000000E+01	-1.7400221E+01	 3.7620942E+01	-7.2974438E+00
 2.4900000E+01	-1.7800000E+01	-1.1000000E+01	-9.4002212E+00	 2.1620942E+01	-4.2248359E+00
 2.4900000E+01	-1.7800000E+01	-3.0000000E+00	-1.4002212E+00	 5.6209417E+00	-1.1522280E+00
 2.4900000E+01	-1.7800000E+01	 5.0000000E+00	 6.5997788E+00	-1.0379058E+01	 1.9203799E+00
 2.4900000E+01	-1.7800000E+01	 1.3000000E+01	 1.4599779E+01	-2.6379058E+01	 4.9929879E+00
 2.4900000E+01	-1.7800000E+01	 2.1000000E+01	 2.2599779E+01	-4.2379058E+01	 8.0655958E+00
 2.4900000E+01	-1.7800000E+01	 2.9000000E+01	 3.0599779E+01	-5.8379058E+01	 1.1138204E+01
 2.4900000E+01	-1.0600000E+01	-3.5000000E+01	-3.3573318E+01	 7.0892287E+01	-1.3442660E+01
 2.4900000E+01	-1.0600000E+01	-2.7000000E+01	-2.5573318E+01	 5.4892287E+01	-1.0370052E+01
 2.4900000E+01	-1.0600000E+01	-1.9000000E+01	-1.7573318E+01	 3.8892287E+01	-7.2974438E+00
 2.4900000E+01	-1.0600000E+01	-1.1000000E+01	-9.5733177E+00	 2.2892287E+01	-4.2248359E+00
 2.4900000E+01	-1.0600000E+01	-3.0000000E+00	-1.5733177E+00	 6.8922868E+00	-1.1522280E+00
 2.4900000E+01	-1.0600000E+01	 5.0000000E+00	 6.4266823E+00	-9.1077132E+00	 1.9203799E+00
 2.4900000E+01	-1.0600000E+01	 1.3000000E+01	 1.4426682E+01	-2.5107713E+01	 4.9929879E+00
 2.4900000E+01	-1.0600000E+01	 2.1000000E+01	 2.2426682E+01	-4.1107713E+01	 8.0655958E+00
 2.4900000E+01	-1.0600000E+01	 2.9000000E+01	 3.0426682E+01	-5.7107713E+01	 1.1138204E+01
 2.4900000E+01	-3.4000000E+00	-3.5000000E+01	-3.4454603E+01	 7.1720711E+01	-1.3442660E+01
 2.4900000E+01	-3.4000000E+00	-2.7000000E+01	-2.6454603E+01	 5.5720711E+01	-1.0370052E+01
 2.4900000E+01	-3.4000000E+00	-1.9000000E+01	-1.8454603E+01	 3.9720711E+01	-7.2974438E+00
 2.4900000E+01	-3.4000000E+00	-1.1000000E+01	-1.0454603E+01	 2.3720711E+01	-4.2248359E+00
 2.4900000E+01	-3.4000000E+00	-3.0000000E+00	-2.4546029E+00	 7.7207110E+00	-1.1522280E+00
 2.4900000E+01	-3.4000000E+00	 5.0000000E+00	 5.5453971E+00	-8.2792890E+00	 1.9203799E+00
 2.4900000E+01	-3.4000000E+00	 1.3000000E+01	 1.3545397E+01	-2.4279289E+01	 4.9929879E+00
 2.4900000E+01	-3.4000000E+00	 2.1000000E+01	 2.1545397E+01	-4.0279289E+01	 8.0655958E+00
 2.4900000E+01	-3.4000000E+00	 2.9000000E+01	 2.9545397E+01	-5.6279289E+01	 1.1138204E+01
 2.4900000E+01	 3.8000000E+00	-3.5000000E+01	-3.5606617E+01	 7.1694994E+01	-1.3442660E+01
 2.4900000E+01	 3.8000000E+00	-2.7000000E+01	-2.7606617E+01	 5.5694994E+01	-1.0370052E+01
 2.4900000E+01	 3.8000000E+00	-1.9000000E+01	-1.9606617E+01	 3.9694994E+01	-7.2974438E+00
 2.4900000E+01	 3.8000000E+00	-1.1000000E+01	-1.1606617E+01	 2.3694994E+01	-4.2248359E+00
 2.4900000E+01	 3.8000000E+00	-3.0000000E+00	-3.6066170E+00	 7.6949940E+00	-1.1522280E+00
 2.4900000E+01	 3.8000000E+00	 5.0000000E+00	 4.3933830E+00	-8.3050060E+00	 1.9203799E+00
 2.4900000E+01	 3.8000000E+00	 1.3000000E+01	 1.2393383E+01	-2.4305006E+01	 4.9929879E+00
 2.4900000E+01	 3.8000000E+00	 2.1000000E+01	 2.0393383E+01	-4.0305006E+01	 8.0655958E+00
 2.4900000E+01	 3.8000000E+00	 2.9000000E+01	 2.8393383E+01	-5.6305006E+01	 1.1138204E+01
 2.4900000E+01	 1.1000000E+01	-3.5000000E+01	-3.6457513E+01	 7.0827901E+01	-1.3442660E+01
 2.4900000E+01	 1.1000000E+01	-2.7000000E+01	-2.8457513E+01	 5.4827901E+01	-1.0370052E+01
 2.4900000E+01	 1.1000000E+01	-1.9000000E+01	-2.0457513E+01	 3.8827901E+01	-7.2974438E+00
 2.4900000E+01	 1.1000000E+01	-1.1000000E+01	-1.2457513E+01	 2.2827901E+01	-4.2248359E+00
 2.4900000E+01	 1.1000000E+01	-3.0000000E+00	-4.4575134E+00	 6.8279013E+00	-1.1522280E+00
 2.4900000E+01	 1.1000000E+01	 5.0000000E+00	 3.5424866E+00	-9.1720987E+00	 1.9203799E+00
 2.4900000E+01	 1.1000000E+01	 1.3000000E+01	 1.1542487E+01	-2.5172099E+01	 4.9929879E+00
 2.4900000E+01	 1.1000000E+01	 2.1000000E+01	 1.9542487E+01	-4.1172099E+01	 8.0655958E+00
 2.4900000E+01	 1.1000000E+01	 2.9000000E+01	 2.7542487E+01	-5.7172099E+01	 1.1138204E+01
 2.4900000E+01	 1.8200000E+01	-3.5000000E+01	-3.6584917E+01	 6.9549848E+01	-1.3442660E+01
 2.4900000E+01	 1.8200000E+01	-2.7000000E+01	-2.8584917E+01	 5.3549848E+01	-1.0370052E+01
 2.4900000E+01	 1.8200000E+01	-1.9000000E+01	-2.0584917E+01	 3.7549848E+01	-7.2974438E+00
 2.4900000E+01	 1.8200000E+01	-1.1000000E+01	-1.2584917E+01	 2.1549848E+01	-4.2248359E+00
 2.4900000E+01	 1.8200000E+01	-3.0000000E+00	-4.5849168E+00	 5.5498480E+00	-1.1522280E+00
 2.4900000E+01	 1.8200000E+01	 5.0000000E+00	 3.4150832E+00	-1.0450152E+01	 1.9203799E+00
 2.4900000E+01	 1.8200000E+01	 1.3000000E+01	 1.1415083E+01	-2.6450152E+01	 4.9929879E+00
 2.4900000E+01	 1.8200000E+01	 2.1000000E+01	 1.9415083E+01	-4.2450152E+01	 8.0655958E+00
 2.4900000E+01	 1.8200000E+01	 2.9000000E+01	 2.7415083E+01	-5.8450152E+01	 1.1138204E+01
