JamesRandom-begin
Uvec
2226355706
1071789795
2147483648
1071600902
1073741824
1071055786
2147483648
1070980797
1073741824
1070418141
2147483648
1072182837
0
1071340055
0
1071878507
3221225472
1072201689
2147483648
1071059735
3221225472
1072499488
536870912
1070965390
2147483648
1071329666
0
1072678171
1610612736
1072054509
1610612736
1072313432
3221225472
1072374308
3221225472
1072498634
1610612736
1072664872
2147483648
1069605387
2147483648
1069579906
2147483648
1071407615
2147483648
1070977894
2147483648
1071529304
2147483648
1072501824
1073741824
1070924430
2147483648
1072004359
1610612736
1072586589
2684354560
1071720750
2684354560
1071358863
1073741824
1071596397
2147483648
1071294952
3221225472
1071681908
1073741824
1071668613
3758096384
1071263371
3221225472
1070751396
1073741824
1071188958
0
1072526907
3221225472
1071665480
2147483648
1069653302
0
1072652321
3758096384
1071149769
0
1069524182
0
1071737852
3221225472
1070318353
2147483648
1070559018
0
1068990105
0
1071035041
0
1072271828
2147483648
1068360552
0
1072422512
1610612736
1072429258
2147483648
1070111812
0
1070752552
0
1071807906
2684354560
1072374816
2147483648
1072620425
0
1071500826
0
1072506222
3221225472
1070734868
3221225472
1065314112
0
1069703906
0
1072499493
0
1069596215
2147483648
1071810656
2147483648
1072287999
3221225472
1072198307
2147483648
1071174756
2147483648
1071170744
1073741824
1072214951
3758096384
1069479271
0
1072374794
536870912
1072358921
3221225472
1071305007
2147483648
1071589846
1073741824
1068927716
0
1071775006
1610612736
1070400182
2147483648
1069260661
0
1067823268
0
1071307571
0
1071456239
1073741824
1071721770
3758096384
1070678498
3221225472
1071845450
2684354560
1069762670
0
1072164832
1073741824
1071760933
1610612736
1072464120
1073741824
1071245766
1073741824
1069766973
0
1072357977
3221225472
1071413582
0
1071080757
3221225472
1072553105
3758096384
1070104071
0
1067682522
0
1070978349
2147483648
1071461100
1073741824
1072693247
2684354560
81
