# units: cm, T
xmin> -30.0
xmax> 22.5
nx> 8
loopOrder> xyzt
! X	            Fx	            Fy	            Fz
-3.00000000E+01	-2.94957486E+00	-2.82240016E-01	-1.16825503E+00
-2.25000000E+01	-9.08808379E-01	-1.55614639E+00	-7.42211878E-01
-1.50000000E+01	1.44943102E+00	-1.99498997E+00	-2.99500250E-01
-7.50000000E+00	3.30134246E+00	-1.36327752E+00	1.49937508E-01
0.00000000E+00	4.00000000E+00	0.00000000E+00	5.96007992E-01
7.50000000E+00	3.30134246E+00	1.36327752E+00	1.02869342E+00
1.50000000E+01	1.44943102E+00	1.99498997E+00	1.43827662E+00
2.25000000E+01	-9.08808379E-01	1.55614639E+00	1.81555922E+00
