zmax> 29.0
ymax> 18.2
zmin> -35.0
nx> 9
ny> 7
nz> 10
xmax> 24.9
xmin> -30.0
ymin> -25.0
! X	             Y	             Z	            Fx	            Fy	            Fz
-3.00000000E+01	-2.50000000E+01	-3.50000000E+01	-3.32347616E+01	7.10822860E+01	-2.97096247E+00
-2.39000000E+01	-2.50000000E+01	-3.50000000E+01	-3.41989531E+01	7.15099195E+01	-1.54145628E+01
-1.78000000E+01	-2.50000000E+01	-3.50000000E+01	-3.53501533E+01	7.15850542E+01	-2.64353051E+01
-1.17000000E+01	-2.50000000E+01	-3.50000000E+01	-3.64196083E+01	7.12901497E+01	-3.50159076E+01
-5.60000000E+00	-2.50000000E+01	-3.50000000E+01	-3.71576482E+01	7.06940528E+01	-4.03643284E+01
5.00000000E-01	-2.50000000E+01	-3.50000000E+01	-3.73919737E+01	6.99359256E+01	-4.19868757E+01
6.60000000E+00	-2.50000000E+01	-3.50000000E+01	-3.70678802E+01	6.91927569E+01	-3.97337784E+01
1.27000000E+01	-2.50000000E+01	-3.50000000E+01	-3.62610291E+01	6.86380434E+01	-3.38130113E+01
1.88000000E+01	-2.50000000E+01	-3.50000000E+01	-3.51597841E+01	6.84012859E+01	-2.47710971E+01
2.49000000E+01	-2.50000000E+01	-3.50000000E+01	-3.40212366E+01	6.85377567E+01	-1.34426596E+01
-3.00000000E+01	-1.78000000E+01	-3.50000000E+01	-3.21147359E+01	7.02805617E+01	-2.97096247E+00
-2.39000000E+01	-1.78000000E+01	-3.50000000E+01	-3.36906971E+01	7.03914175E+01	-1.54145628E+01
-1.78000000E+01	-1.78000000E+01	-3.50000000E+01	-3.55723220E+01	7.04108947E+01	-2.64353051E+01
-1.17000000E+01	-1.78000000E+01	-3.50000000E+01	-3.73203353E+01	7.03344464E+01	-3.50159076E+01
-5.60000000E+00	-1.78000000E+01	-3.50000000E+01	-3.85266540E+01	7.01799198E+01	-4.03643284E+01
5.00000000E-01	-1.78000000E+01	-3.50000000E+01	-3.89096566E+01	6.99833900E+01	-4.19868757E+01
6.60000000E+00	-1.78000000E+01	-3.50000000E+01	-3.83799291E+01	6.97907378E+01	-3.97337784E+01
1.27000000E+01	-1.78000000E+01	-3.50000000E+01	-3.70611392E+01	6.96469391E+01	-3.38130113E+01
1.88000000E+01	-1.78000000E+01	-3.50000000E+01	-3.52611655E+01	6.95855643E+01	-2.47710971E+01
2.49000000E+01	-1.78000000E+01	-3.50000000E+01	-3.34002212E+01	6.96209417E+01	-1.34426596E+01
-3.00000000E+01	-1.06000000E+01	-3.50000000E+01	-3.24269222E+01	6.93395698E+01	-2.97096247E+00
-2.39000000E+01	-1.06000000E+01	-3.50000000E+01	-3.38323640E+01	6.90786203E+01	-1.54145628E+01
-1.78000000E+01	-1.06000000E+01	-3.50000000E+01	-3.55103966E+01	6.90327717E+01	-2.64353051E+01
-1.17000000E+01	-1.06000000E+01	-3.50000000E+01	-3.70692744E+01	6.92127277E+01	-3.50159076E+01
-5.60000000E+00	-1.06000000E+01	-3.50000000E+01	-3.81450691E+01	6.95764767E+01	-4.03643284E+01
5.00000000E-01	-1.06000000E+01	-3.50000000E+01	-3.84866308E+01	7.00390993E+01	-4.19868757E+01
6.60000000E+00	-1.06000000E+01	-3.50000000E+01	-3.80142199E+01	7.04925941E+01	-3.97337784E+01
1.27000000E+01	-1.06000000E+01	-3.50000000E+01	-3.68381234E+01	7.08310901E+01	-3.38130113E+01
1.88000000E+01	-1.06000000E+01	-3.50000000E+01	-3.52329073E+01	7.09755637E+01	-2.47710971E+01
2.49000000E+01	-1.06000000E+01	-3.50000000E+01	-3.35733177E+01	7.08922868E+01	-1.34426596E+01
-3.00000000E+01	-3.40000000E+00	-3.50000000E+01	-3.40163549E+01	6.87264079E+01	-2.97096247E+00
-2.39000000E+01	-3.40000000E+00	-3.50000000E+01	-3.45536320E+01	6.82231854E+01	-1.54145628E+01
-1.78000000E+01	-3.40000000E+00	-3.50000000E+01	-3.51951162E+01	6.81347698E+01	-2.64353051E+01
-1.17000000E+01	-3.40000000E+00	-3.50000000E+01	-3.57910494E+01	6.84818020E+01	-3.50159076E+01
-5.60000000E+00	-3.40000000E+00	-3.50000000E+01	-3.62023080E+01	6.91832657E+01	-4.03643284E+01
5.00000000E-01	-3.40000000E+00	-3.50000000E+01	-3.63328814E+01	7.00754003E+01	-4.19868757E+01
6.60000000E+00	-3.40000000E+00	-3.50000000E+01	-3.61522865E+01	7.09499323E+01	-3.97337784E+01
1.27000000E+01	-3.40000000E+00	-3.50000000E+01	-3.57026842E+01	7.16026975E+01	-3.38130113E+01
1.88000000E+01	-3.40000000E+00	-3.50000000E+01	-3.50890366E+01	7.18813046E+01	-2.47710971E+01
2.49000000E+01	-3.40000000E+00	-3.50000000E+01	-3.44546029E+01	7.17207110E+01	-1.34426596E+01
-3.00000000E+01	3.80000000E+00	-3.50000000E+01	-3.60940577E+01	6.87454425E+01	-2.97096247E+00
-2.39000000E+01	3.80000000E+00	-3.50000000E+01	-3.54964720E+01	6.82497410E+01	-1.54145628E+01
-1.78000000E+01	3.80000000E+00	-3.50000000E+01	-3.47829823E+01	6.81626468E+01	-2.64353051E+01
-1.17000000E+01	3.80000000E+00	-3.50000000E+01	-3.41201566E+01	6.85044924E+01	-3.50159076E+01
-5.60000000E+00	3.80000000E+00	-3.50000000E+01	-3.36627349E+01	6.91954722E+01	-4.03643284E+01
5.00000000E-01	3.80000000E+00	-3.50000000E+01	-3.35175049E+01	7.00742734E+01	-4.19868757E+01
6.60000000E+00	3.80000000E+00	-3.50000000E+01	-3.37183712E+01	7.09357350E+01	-3.97337784E+01
1.27000000E+01	3.80000000E+00	-3.50000000E+01	-3.42184406E+01	7.15787443E+01	-3.38130113E+01
1.88000000E+01	3.80000000E+00	-3.50000000E+01	-3.49009692E+01	7.18531873E+01	-2.47710971E+01
2.49000000E+01	3.80000000E+00	-3.50000000E+01	-3.56066170E+01	7.16949940E+01	-1.34426596E+01
-3.00000000E+01	1.10000000E+01	-3.50000000E+01	-3.76286828E+01	6.93872250E+01	-2.97096247E+00
-2.39000000E+01	1.10000000E+01	-3.50000000E+01	-3.61928690E+01	6.91451051E+01	-1.54145628E+01
-1.78000000E+01	1.10000000E+01	-3.50000000E+01	-3.44785736E+01	6.91025648E+01	-2.64353051E+01
-1.17000000E+01	1.10000000E+01	-3.50000000E+01	-3.28860079E+01	6.92695356E+01	-3.50159076E+01
-5.60000000E+00	1.10000000E+01	-3.50000000E+01	-3.17869649E+01	6.96070372E+01	-4.03643284E+01
5.00000000E-01	1.10000000E+01	-3.50000000E+01	-3.14380220E+01	7.00362780E+01	-4.19868757E+01
6.60000000E+00	1.10000000E+01	-3.50000000E+01	-3.19206418E+01	7.04570495E+01	-3.97337784E+01
1.27000000E+01	1.10000000E+01	-3.50000000E+01	-3.31221541E+01	7.07711204E+01	-3.38130113E+01
1.88000000E+01	1.10000000E+01	-3.50000000E+01	-3.47620595E+01	7.09051692E+01	-2.47710971E+01
2.49000000E+01	1.10000000E+01	-3.50000000E+01	-3.64575134E+01	7.08279013E+01	-1.34426596E+01
-3.00000000E+01	1.82000000E+01	-3.50000000E+01	-3.78584599E+01	7.03331821E+01	-2.97096247E+00
-2.39000000E+01	1.82000000E+01	-3.50000000E+01	-3.62971395E+01	7.04648292E+01	-1.54145628E+01
-1.78000000E+01	1.82000000E+01	-3.50000000E+01	-3.44329949E+01	7.04879594E+01	-2.64353051E+01
-1.17000000E+01	1.82000000E+01	-3.50000000E+01	-3.27012207E+01	7.03971730E+01	-3.50159076E+01
-5.60000000E+00	1.82000000E+01	-3.50000000E+01	-3.15061087E+01	7.02136644E+01	-4.03643284E+01
5.00000000E-01	1.82000000E+01	-3.50000000E+01	-3.11266642E+01	6.99802747E+01	-4.19868757E+01
6.60000000E+00	1.82000000E+01	-3.50000000E+01	-3.16514705E+01	6.97514900E+01	-3.97337784E+01
1.27000000E+01	1.82000000E+01	-3.50000000E+01	-3.29580088E+01	6.95807213E+01	-3.38130113E+01
1.88000000E+01	1.82000000E+01	-3.50000000E+01	-3.47412608E+01	6.95078354E+01	-2.47710971E+01
2.49000000E+01	1.82000000E+01	-3.50000000E+01	-3.65849168E+01	6.95498480E+01	-1.34426596E+01
-3.00000000E+01	-2.50000000E+01	-2.70000000E+01	-2.52347616E+01	5.50822860E+01	-2.29188533E+00
-2.39000000E+01	-2.50000000E+01	-2.70000000E+01	-2.61989531E+01	5.55099195E+01	-1.18912342E+01
-1.78000000E+01	-2.50000000E+01	-2.70000000E+01	-2.73501533E+01	5.55850542E+01	-2.03929497E+01
-1.17000000E+01	-2.50000000E+01	-2.70000000E+01	-2.84196083E+01	5.52901497E+01	-2.70122716E+01
-5.60000000E+00	-2.50000000E+01	-2.70000000E+01	-2.91576482E+01	5.46940528E+01	-3.11381962E+01
5.00000000E-01	-2.50000000E+01	-2.70000000E+01	-2.93919737E+01	5.39359256E+01	-3.23898755E+01
6.60000000E+00	-2.50000000E+01	-2.70000000E+01	-2.90678802E+01	5.31927569E+01	-3.06517719E+01
1.27000000E+01	-2.50000000E+01	-2.70000000E+01	-2.82610291E+01	5.26380434E+01	-2.60843230E+01
1.88000000E+01	-2.50000000E+01	-2.70000000E+01	-2.71597841E+01	5.24012859E+01	-1.91091320E+01
2.49000000E+01	-2.50000000E+01	-2.70000000E+01	-2.60212366E+01	5.25377567E+01	-1.03700517E+01
-3.00000000E+01	-1.78000000E+01	-2.70000000E+01	-2.41147359E+01	5.42805617E+01	-2.29188533E+00
-2.39000000E+01	-1.78000000E+01	-2.70000000E+01	-2.56906971E+01	5.43914175E+01	-1.18912342E+01
-1.78000000E+01	-1.78000000E+01	-2.70000000E+01	-2.75723220E+01	5.44108947E+01	-2.03929497E+01
-1.17000000E+01	-1.78000000E+01	-2.70000000E+01	-2.93203353E+01	5.43344464E+01	-2.70122716E+01
-5.60000000E+00	-1.78000000E+01	-2.70000000E+01	-3.05266540E+01	5.41799198E+01	-3.11381962E+01
5.00000000E-01	-1.78000000E+01	-2.70000000E+01	-3.09096566E+01	5.39833900E+01	-3.23898755E+01
6.60000000E+00	-1.78000000E+01	-2.70000000E+01	-3.03799291E+01	5.37907378E+01	-3.06517719E+01
1.27000000E+01	-1.78000000E+01	-2.70000000E+01	-2.90611392E+01	5.36469391E+01	-2.60843230E+01
1.88000000E+01	-1.78000000E+01	-2.70000000E+01	-2.72611655E+01	5.35855643E+01	-1.91091320E+01
2.49000000E+01	-1.78000000E+01	-2.70000000E+01	-2.54002212E+01	5.36209417E+01	-1.03700517E+01
-3.00000000E+01	-1.06000000E+01	-2.70000000E+01	-2.44269222E+01	5.33395698E+01	-2.29188533E+00
-2.39000000E+01	-1.06000000E+01	-2.70000000E+01	-2.58323640E+01	5.30786203E+01	-1.18912342E+01
-1.78000000E+01	-1.06000000E+01	-2.70000000E+01	-2.75103966E+01	5.30327717E+01	-2.03929497E+01
-1.17000000E+01	-1.06000000E+01	-2.70000000E+01	-2.90692744E+01	5.32127277E+01	-2.70122716E+01
-5.60000000E+00	-1.06000000E+01	-2.70000000E+01	-3.01450691E+01	5.35764767E+01	-3.11381962E+01
5.00000000E-01	-1.06000000E+01	-2.70000000E+01	-3.04866308E+01	5.40390993E+01	-3.23898755E+01
6.60000000E+00	-1.06000000E+01	-2.70000000E+01	-3.00142199E+01	5.44925941E+01	-3.06517719E+01
1.27000000E+01	-1.06000000E+01	-2.70000000E+01	-2.88381234E+01	5.48310901E+01	-2.60843230E+01
1.88000000E+01	-1.06000000E+01	-2.70000000E+01	-2.72329073E+01	5.49755637E+01	-1.91091320E+01
2.49000000E+01	-1.06000000E+01	-2.70000000E+01	-2.55733177E+01	5.48922868E+01	-1.03700517E+01
-3.00000000E+01	-3.40000000E+00	-2.70000000E+01	-2.60163549E+01	5.27264079E+01	-2.29188533E+00
-2.39000000E+01	-3.40000000E+00	-2.70000000E+01	-2.65536320E+01	5.22231854E+01	-1.18912342E+01
-1.78000000E+01	-3.40000000E+00	-2.70000000E+01	-2.71951162E+01	5.21347698E+01	-2.03929497E+01
-1.17000000E+01	-3.40000000E+00	-2.70000000E+01	-2.77910494E+01	5.24818020E+01	-2.70122716E+01
-5.60000000E+00	-3.40000000E+00	-2.70000000E+01	-2.82023080E+01	5.31832657E+01	-3.11381962E+01
5.00000000E-01	-3.40000000E+00	-2.70000000E+01	-2.83328814E+01	5.40754003E+01	-3.23898755E+01
6.60000000E+00	-3.40000000E+00	-2.70000000E+01	-2.81522865E+01	5.49499323E+01	-3.06517719E+01
1.27000000E+01	-3.40000000E+00	-2.70000000E+01	-2.77026842E+01	5.56026975E+01	-2.60843230E+01
1.88000000E+01	-3.40000000E+00	-2.70000000E+01	-2.70890366E+01	5.58813046E+01	-1.91091320E+01
2.49000000E+01	-3.40000000E+00	-2.70000000E+01	-2.64546029E+01	5.57207110E+01	-1.03700517E+01
-3.00000000E+01	3.80000000E+00	-2.70000000E+01	-2.80940577E+01	5.27454425E+01	-2.29188533E+00
-2.39000000E+01	3.80000000E+00	-2.70000000E+01	-2.74964720E+01	5.22497410E+01	-1.18912342E+01
-1.78000000E+01	3.80000000E+00	-2.70000000E+01	-2.67829823E+01	5.21626468E+01	-2.03929497E+01
-1.17000000E+01	3.80000000E+00	-2.70000000E+01	-2.61201566E+01	5.25044924E+01	-2.70122716E+01
-5.60000000E+00	3.80000000E+00	-2.70000000E+01	-2.56627349E+01	5.31954722E+01	-3.11381962E+01
5.00000000E-01	3.80000000E+00	-2.70000000E+01	-2.55175049E+01	5.40742734E+01	-3.23898755E+01
6.60000000E+00	3.80000000E+00	-2.70000000E+01	-2.57183712E+01	5.49357350E+01	-3.06517719E+01
1.27000000E+01	3.80000000E+00	-2.70000000E+01	-2.62184406E+01	5.55787443E+01	-2.60843230E+01
1.88000000E+01	3.80000000E+00	-2.70000000E+01	-2.69009692E+01	5.58531873E+01	-1.91091320E+01
2.49000000E+01	3.80000000E+00	-2.70000000E+01	-2.76066170E+01	5.56949940E+01	-1.03700517E+01
-3.00000000E+01	1.10000000E+01	-2.70000000E+01	-2.96286828E+01	5.33872250E+01	-2.29188533E+00
-2.39000000E+01	1.10000000E+01	-2.70000000E+01	-2.81928690E+01	5.31451051E+01	-1.18912342E+01
-1.78000000E+01	1.10000000E+01	-2.70000000E+01	-2.64785736E+01	5.31025648E+01	-2.03929497E+01
-1.17000000E+01	1.10000000E+01	-2.70000000E+01	-2.48860079E+01	5.32695356E+01	-2.70122716E+01
-5.60000000E+00	1.10000000E+01	-2.70000000E+01	-2.37869649E+01	5.36070372E+01	-3.11381962E+01
5.00000000E-01	1.10000000E+01	-2.70000000E+01	-2.34380220E+01	5.40362780E+01	-3.23898755E+01
6.60000000E+00	1.10000000E+01	-2.70000000E+01	-2.39206418E+01	5.44570495E+01	-3.06517719E+01
1.27000000E+01	1.10000000E+01	-2.70000000E+01	-2.51221541E+01	5.47711204E+01	-2.60843230E+01
1.88000000E+01	1.10000000E+01	-2.70000000E+01	-2.67620595E+01	5.49051692E+01	-1.91091320E+01
2.49000000E+01	1.10000000E+01	-2.70000000E+01	-2.84575134E+01	5.48279013E+01	-1.03700517E+01
-3.00000000E+01	1.82000000E+01	-2.70000000E+01	-2.98584599E+01	5.43331821E+01	-2.29188533E+00
-2.39000000E+01	1.82000000E+01	-2.70000000E+01	-2.82971395E+01	5.44648292E+01	-1.18912342E+01
-1.78000000E+01	1.82000000E+01	-2.70000000E+01	-2.64329949E+01	5.44879594E+01	-2.03929497E+01
-1.17000000E+01	1.82000000E+01	-2.70000000E+01	-2.47012207E+01	5.43971730E+01	-2.70122716E+01
-5.60000000E+00	1.82000000E+01	-2.70000000E+01	-2.35061087E+01	5.42136644E+01	-3.11381962E+01
5.00000000E-01	1.82000000E+01	-2.70000000E+01	-2.31266642E+01	5.39802747E+01	-3.23898755E+01
6.60000000E+00	1.82000000E+01	-2.70000000E+01	-2.36514705E+01	5.37514900E+01	-3.06517719E+01
1.27000000E+01	1.82000000E+01	-2.70000000E+01	-2.49580088E+01	5.35807213E+01	-2.60843230E+01
1.88000000E+01	1.82000000E+01	-2.70000000E+01	-2.67412608E+01	5.35078354E+01	-1.91091320E+01
2.49000000E+01	1.82000000E+01	-2.70000000E+01	-2.85849168E+01	5.35498480E+01	-1.03700517E+01
-3.00000000E+01	-2.50000000E+01	-1.90000000E+01	-1.72347616E+01	3.90822860E+01	-1.61280820E+00
-2.39000000E+01	-2.50000000E+01	-1.90000000E+01	-1.81989531E+01	3.95099195E+01	-8.36790554E+00
-1.78000000E+01	-2.50000000E+01	-1.90000000E+01	-1.93501533E+01	3.95850542E+01	-1.43505942E+01
-1.17000000E+01	-2.50000000E+01	-1.90000000E+01	-2.04196083E+01	3.92901497E+01	-1.90086356E+01
-5.60000000E+00	-2.50000000E+01	-1.90000000E+01	-2.11576482E+01	3.86940528E+01	-2.19120640E+01
5.00000000E-01	-2.50000000E+01	-1.90000000E+01	-2.13919737E+01	3.79359256E+01	-2.27928754E+01
6.60000000E+00	-2.50000000E+01	-1.90000000E+01	-2.10678802E+01	3.71927569E+01	-2.15697654E+01
1.27000000E+01	-2.50000000E+01	-1.90000000E+01	-2.02610291E+01	3.66380434E+01	-1.83556347E+01
1.88000000E+01	-2.50000000E+01	-1.90000000E+01	-1.91597841E+01	3.64012859E+01	-1.34471670E+01
2.49000000E+01	-2.50000000E+01	-1.90000000E+01	-1.80212366E+01	3.65377567E+01	-7.29744379E+00
-3.00000000E+01	-1.78000000E+01	-1.90000000E+01	-1.61147359E+01	3.82805617E+01	-1.61280820E+00
-2.39000000E+01	-1.78000000E+01	-1.90000000E+01	-1.76906971E+01	3.83914175E+01	-8.36790554E+00
-1.78000000E+01	-1.78000000E+01	-1.90000000E+01	-1.95723220E+01	3.84108947E+01	-1.43505942E+01
-1.17000000E+01	-1.78000000E+01	-1.90000000E+01	-2.13203353E+01	3.83344464E+01	-1.90086356E+01
-5.60000000E+00	-1.78000000E+01	-1.90000000E+01	-2.25266540E+01	3.81799198E+01	-2.19120640E+01
5.00000000E-01	-1.78000000E+01	-1.90000000E+01	-2.29096566E+01	3.79833900E+01	-2.27928754E+01
6.60000000E+00	-1.78000000E+01	-1.90000000E+01	-2.23799291E+01	3.77907378E+01	-2.15697654E+01
1.27000000E+01	-1.78000000E+01	-1.90000000E+01	-2.10611392E+01	3.76469391E+01	-1.83556347E+01
1.88000000E+01	-1.78000000E+01	-1.90000000E+01	-1.92611655E+01	3.75855643E+01	-1.34471670E+01
2.49000000E+01	-1.78000000E+01	-1.90000000E+01	-1.74002212E+01	3.76209417E+01	-7.29744379E+00
-3.00000000E+01	-1.06000000E+01	-1.90000000E+01	-1.64269222E+01	3.73395698E+01	-1.61280820E+00
-2.39000000E+01	-1.06000000E+01	-1.90000000E+01	-1.78323640E+01	3.70786203E+01	-8.36790554E+00
-1.78000000E+01	-1.06000000E+01	-1.90000000E+01	-1.95103966E+01	3.70327717E+01	-1.43505942E+01
-1.17000000E+01	-1.06000000E+01	-1.90000000E+01	-2.10692744E+01	3.72127277E+01	-1.90086356E+01
-5.60000000E+00	-1.06000000E+01	-1.90000000E+01	-2.21450691E+01	3.75764767E+01	-2.19120640E+01
5.00000000E-01	-1.06000000E+01	-1.90000000E+01	-2.24866308E+01	3.80390993E+01	-2.27928754E+01
6.60000000E+00	-1.06000000E+01	-1.90000000E+01	-2.20142199E+01	3.84925941E+01	-2.15697654E+01
1.27000000E+01	-1.06000000E+01	-1.90000000E+01	-2.08381234E+01	3.88310901E+01	-1.83556347E+01
1.88000000E+01	-1.06000000E+01	-1.90000000E+01	-1.92329073E+01	3.89755637E+01	-1.34471670E+01
2.49000000E+01	-1.06000000E+01	-1.90000000E+01	-1.75733177E+01	3.88922868E+01	-7.29744379E+00
-3.00000000E+01	-3.40000000E+00	-1.90000000E+01	-1.80163549E+01	3.67264079E+01	-1.61280820E+00
-2.39000000E+01	-3.40000000E+00	-1.90000000E+01	-1.85536320E+01	3.62231854E+01	-8.36790554E+00
-1.78000000E+01	-3.40000000E+00	-1.90000000E+01	-1.91951162E+01	3.61347698E+01	-1.43505942E+01
-1.17000000E+01	-3.40000000E+00	-1.90000000E+01	-1.97910494E+01	3.64818020E+01	-1.90086356E+01
-5.60000000E+00	-3.40000000E+00	-1.90000000E+01	-2.02023080E+01	3.71832657E+01	-2.19120640E+01
5.00000000E-01	-3.40000000E+00	-1.90000000E+01	-2.03328814E+01	3.80754003E+01	-2.27928754E+01
6.60000000E+00	-3.40000000E+00	-1.90000000E+01	-2.01522865E+01	3.89499323E+01	-2.15697654E+01
1.27000000E+01	-3.40000000E+00	-1.90000000E+01	-1.97026842E+01	3.96026975E+01	-1.83556347E+01
1.88000000E+01	-3.40000000E+00	-1.90000000E+01	-1.90890366E+01	3.98813046E+01	-1.34471670E+01
2.49000000E+01	-3.40000000E+00	-1.90000000E+01	-1.84546029E+01	3.97207110E+01	-7.29744379E+00
-3.00000000E+01	3.80000000E+00	-1.90000000E+01	-2.00940577E+01	3.67454425E+01	-1.61280820E+00
-2.39000000E+01	3.80000000E+00	-1.90000000E+01	-1.94964720E+01	3.62497410E+01	-8.36790554E+00
-1.78000000E+01	3.80000000E+00	-1.90000000E+01	-1.87829823E+01	3.61626468E+01	-1.43505942E+01
-1.17000000E+01	3.80000000E+00	-1.90000000E+01	-1.81201566E+01	3.65044924E+01	-1.90086356E+01
-5.60000000E+00	3.80000000E+00	-1.90000000E+01	-1.76627349E+01	3.71954722E+01	-2.19120640E+01
5.00000000E-01	3.80000000E+00	-1.90000000E+01	-1.75175049E+01	3.80742734E+01	-2.27928754E+01
6.60000000E+00	3.80000000E+00	-1.90000000E+01	-1.77183712E+01	3.89357350E+01	-2.15697654E+01
1.27000000E+01	3.80000000E+00	-1.90000000E+01	-1.82184406E+01	3.95787443E+01	-1.83556347E+01
1.88000000E+01	3.80000000E+00	-1.90000000E+01	-1.89009692E+01	3.98531873E+01	-1.34471670E+01
2.49000000E+01	3.80000000E+00	-1.90000000E+01	-1.96066170E+01	3.96949940E+01	-7.29744379E+00
-3.00000000E+01	1.10000000E+01	-1.90000000E+01	-2.16286828E+01	3.73872250E+01	-1.61280820E+00
-2.39000000E+01	1.10000000E+01	-1.90000000E+01	-2.01928690E+01	3.71451051E+01	-8.36790554E+00
-1.78000000E+01	1.10000000E+01	-1.90000000E+01	-1.84785736E+01	3.71025648E+01	-1.43505942E+01
-1.17000000E+01	1.10000000E+01	-1.90000000E+01	-1.68860079E+01	3.72695356E+01	-1.90086356E+01
-5.60000000E+00	1.10000000E+01	-1.90000000E+01	-1.57869649E+01	3.76070372E+01	-2.19120640E+01
5.00000000E-01	1.10000000E+01	-1.90000000E+01	-1.54380220E+01	3.80362780E+01	-2.27928754E+01
6.60000000E+00	1.10000000E+01	-1.90000000E+01	-1.59206418E+01	3.84570495E+01	-2.15697654E+01
1.27000000E+01	1.10000000E+01	-1.90000000E+01	-1.71221541E+01	3.87711204E+01	-1.83556347E+01
1.88000000E+01	1.10000000E+01	-1.90000000E+01	-1.87620595E+01	3.89051692E+01	-1.34471670E+01
2.49000000E+01	1.10000000E+01	-1.90000000E+01	-2.04575134E+01	3.88279013E+01	-7.29744379E+00
-3.00000000E+01	1.82000000E+01	-1.90000000E+01	-2.18584599E+01	3.83331821E+01	-1.61280820E+00
-2.39000000E+01	1.82000000E+01	-1.90000000E+01	-2.02971395E+01	3.84648292E+01	-8.36790554E+00
-1.78000000E+01	1.82000000E+01	-1.90000000E+01	-1.84329949E+01	3.84879594E+01	-1.43505942E+01
-1.17000000E+01	1.82000000E+01	-1.90000000E+01	-1.67012207E+01	3.83971730E+01	-1.90086356E+01
-5.60000000E+00	1.82000000E+01	-1.90000000E+01	-1.55061087E+01	3.82136644E+01	-2.19120640E+01
5.00000000E-01	1.82000000E+01	-1.90000000E+01	-1.51266642E+01	3.79802747E+01	-2.27928754E+01
6.60000000E+00	1.82000000E+01	-1.90000000E+01	-1.56514705E+01	3.77514900E+01	-2.15697654E+01
1.27000000E+01	1.82000000E+01	-1.90000000E+01	-1.69580088E+01	3.75807213E+01	-1.83556347E+01
1.88000000E+01	1.82000000E+01	-1.90000000E+01	-1.87412608E+01	3.75078354E+01	-1.34471670E+01
2.49000000E+01	1.82000000E+01	-1.90000000E+01	-2.05849168E+01	3.75498480E+01	-7.29744379E+00
-3.00000000E+01	-2.50000000E+01	-1.10000000E+01	-9.23476161E+00	2.30822860E+01	-9.33731062E-01
-2.39000000E+01	-2.50000000E+01	-1.10000000E+01	-1.01989531E+01	2.35099195E+01	-4.84457689E+00
-1.78000000E+01	-2.50000000E+01	-1.10000000E+01	-1.13501533E+01	2.35850542E+01	-8.30823875E+00
-1.17000000E+01	-2.50000000E+01	-1.10000000E+01	-1.24196083E+01	2.32901497E+01	-1.10049995E+01
-5.60000000E+00	-2.50000000E+01	-1.10000000E+01	-1.31576482E+01	2.26940528E+01	-1.26859318E+01
5.00000000E-01	-2.50000000E+01	-1.10000000E+01	-1.33919737E+01	2.19359256E+01	-1.31958752E+01
6.60000000E+00	-2.50000000E+01	-1.10000000E+01	-1.30678802E+01	2.11927569E+01	-1.24877589E+01
1.27000000E+01	-2.50000000E+01	-1.10000000E+01	-1.22610291E+01	2.06380434E+01	-1.06269464E+01
1.88000000E+01	-2.50000000E+01	-1.10000000E+01	-1.11597841E+01	2.04012859E+01	-7.78520193E+00
2.49000000E+01	-2.50000000E+01	-1.10000000E+01	-1.00212366E+01	2.05377567E+01	-4.22483588E+00
-3.00000000E+01	-1.78000000E+01	-1.10000000E+01	-8.11473588E+00	2.22805617E+01	-9.33731062E-01
-2.39000000E+01	-1.78000000E+01	-1.10000000E+01	-9.69069707E+00	2.23914175E+01	-4.84457689E+00
-1.78000000E+01	-1.78000000E+01	-1.10000000E+01	-1.15723220E+01	2.24108947E+01	-8.30823875E+00
-1.17000000E+01	-1.78000000E+01	-1.10000000E+01	-1.33203353E+01	2.23344464E+01	-1.10049995E+01
-5.60000000E+00	-1.78000000E+01	-1.10000000E+01	-1.45266540E+01	2.21799198E+01	-1.26859318E+01
5.00000000E-01	-1.78000000E+01	-1.10000000E+01	-1.49096566E+01	2.19833900E+01	-1.31958752E+01
6.60000000E+00	-1.78000000E+01	-1.10000000E+01	-1.43799291E+01	2.17907378E+01	-1.24877589E+01
1.27000000E+01	-1.78000000E+01	-1.10000000E+01	-1.30611392E+01	2.16469391E+01	-1.06269464E+01
1.88000000E+01	-1.78000000E+01	-1.10000000E+01	-1.12611655E+01	2.15855643E+01	-7.78520193E+00
2.49000000E+01	-1.78000000E+01	-1.10000000E+01	-9.40022120E+00	2.16209417E+01	-4.22483588E+00
-3.00000000E+01	-1.06000000E+01	-1.10000000E+01	-8.42692220E+00	2.13395698E+01	-9.33731062E-01
-2.39000000E+01	-1.06000000E+01	-1.10000000E+01	-9.83236399E+00	2.10786203E+01	-4.84457689E+00
-1.78000000E+01	-1.06000000E+01	-1.10000000E+01	-1.15103966E+01	2.10327717E+01	-8.30823875E+00
-1.17000000E+01	-1.06000000E+01	-1.10000000E+01	-1.30692744E+01	2.12127277E+01	-1.10049995E+01
-5.60000000E+00	-1.06000000E+01	-1.10000000E+01	-1.41450691E+01	2.15764767E+01	-1.26859318E+01
5.00000000E-01	-1.06000000E+01	-1.10000000E+01	-1.44866308E+01	2.20390993E+01	-1.31958752E+01
6.60000000E+00	-1.06000000E+01	-1.10000000E+01	-1.40142199E+01	2.24925941E+01	-1.24877589E+01
1.27000000E+01	-1.06000000E+01	-1.10000000E+01	-1.28381234E+01	2.28310901E+01	-1.06269464E+01
1.88000000E+01	-1.06000000E+01	-1.10000000E+01	-1.12329073E+01	2.29755637E+01	-7.78520193E+00
2.49000000E+01	-1.06000000E+01	-1.10000000E+01	-9.57331768E+00	2.28922868E+01	-4.22483588E+00
-3.00000000E+01	-3.40000000E+00	-1.10000000E+01	-1.00163549E+01	2.07264079E+01	-9.33731062E-01
-2.39000000E+01	-3.40000000E+00	-1.10000000E+01	-1.05536320E+01	2.02231854E+01	-4.84457689E+00
-1.78000000E+01	-3.40000000E+00	-1.10000000E+01	-1.11951162E+01	2.01347698E+01	-8.30823875E+00
-1.17000000E+01	-3.40000000E+00	-1.10000000E+01	-1.17910494E+01	2.04818020E+01	-1.10049995E+01
-5.60000000E+00	-3.40000000E+00	-1.10000000E+01	-1.22023080E+01	2.11832657E+01	-1.26859318E+01
5.00000000E-01	-3.40000000E+00	-1.10000000E+01	-1.23328814E+01	2.20754003E+01	-1.31958752E+01
6.60000000E+00	-3.40000000E+00	-1.10000000E+01	-1.21522865E+01	2.29499323E+01	-1.24877589E+01
1.27000000E+01	-3.40000000E+00	-1.10000000E+01	-1.17026842E+01	2.36026975E+01	-1.06269464E+01
1.88000000E+01	-3.40000000E+00	-1.10000000E+01	-1.10890366E+01	2.38813046E+01	-7.78520193E+00
2.49000000E+01	-3.40000000E+00	-1.10000000E+01	-1.04546029E+01	2.37207110E+01	-4.22483588E+00
-3.00000000E+01	3.80000000E+00	-1.10000000E+01	-1.20940577E+01	2.07454425E+01	-9.33731062E-01
-2.39000000E+01	3.80000000E+00	-1.10000000E+01	-1.14964720E+01	2.02497410E+01	-4.84457689E+00
-1.78000000E+01	3.80000000E+00	-1.10000000E+01	-1.07829823E+01	2.01626468E+01	-8.30823875E+00
-1.17000000E+01	3.80000000E+00	-1.10000000E+01	-1.01201566E+01	2.05044924E+01	-1.10049995E+01
-5.60000000E+00	3.80000000E+00	-1.10000000E+01	-9.66273492E+00	2.11954722E+01	-1.26859318E+01
5.00000000E-01	3.80000000E+00	-1.10000000E+01	-9.51750491E+00	2.20742734E+01	-1.31958752E+01
6.60000000E+00	3.80000000E+00	-1.10000000E+01	-9.71837125E+00	2.29357350E+01	-1.24877589E+01
1.27000000E+01	3.80000000E+00	-1.10000000E+01	-1.02184406E+01	2.35787443E+01	-1.06269464E+01
1.88000000E+01	3.80000000E+00	-1.10000000E+01	-1.09009692E+01	2.38531873E+01	-7.78520193E+00
2.49000000E+01	3.80000000E+00	-1.10000000E+01	-1.16066170E+01	2.36949940E+01	-4.22483588E+00
-3.00000000E+01	1.10000000E+01	-1.10000000E+01	-1.36286828E+01	2.13872250E+01	-9.33731062E-01
-2.39000000E+01	1.10000000E+01	-1.10000000E+01	-1.21928690E+01	2.11451051E+01	-4.84457689E+00
-1.78000000E+01	1.10000000E+01	-1.10000000E+01	-1.04785736E+01	2.11025648E+01	-8.30823875E+00
-1.17000000E+01	1.10000000E+01	-1.10000000E+01	-8.88600791E+00	2.12695356E+01	-1.10049995E+01
-5.60000000E+00	1.10000000E+01	-1.10000000E+01	-7.78696493E+00	2.16070372E+01	-1.26859318E+01
5.00000000E-01	1.10000000E+01	-1.10000000E+01	-7.43802204E+00	2.20362780E+01	-1.31958752E+01
6.60000000E+00	1.10000000E+01	-1.10000000E+01	-7.92064183E+00	2.24570495E+01	-1.24877589E+01
1.27000000E+01	1.10000000E+01	-1.10000000E+01	-9.12215413E+00	2.27711204E+01	-1.06269464E+01
1.88000000E+01	1.10000000E+01	-1.10000000E+01	-1.07620595E+01	2.29051692E+01	-7.78520193E+00
2.49000000E+01	1.10000000E+01	-1.10000000E+01	-1.24575134E+01	2.28279013E+01	-4.22483588E+00
-3.00000000E+01	1.82000000E+01	-1.10000000E+01	-1.38584599E+01	2.23331821E+01	-9.33731062E-01
-2.39000000E+01	1.82000000E+01	-1.10000000E+01	-1.22971395E+01	2.24648292E+01	-4.84457689E+00
-1.78000000E+01	1.82000000E+01	-1.10000000E+01	-1.04329949E+01	2.24879594E+01	-8.30823875E+00
-1.17000000E+01	1.82000000E+01	-1.10000000E+01	-8.70122070E+00	2.23971730E+01	-1.10049995E+01
-5.60000000E+00	1.82000000E+01	-1.10000000E+01	-7.50610872E+00	2.22136644E+01	-1.26859318E+01
5.00000000E-01	1.82000000E+01	-1.10000000E+01	-7.12666422E+00	2.19802747E+01	-1.31958752E+01
6.60000000E+00	1.82000000E+01	-1.10000000E+01	-7.65147052E+00	2.17514900E+01	-1.24877589E+01
1.27000000E+01	1.82000000E+01	-1.10000000E+01	-8.95800881E+00	2.15807213E+01	-1.06269464E+01
1.88000000E+01	1.82000000E+01	-1.10000000E+01	-1.07412608E+01	2.15078354E+01	-7.78520193E+00
2.49000000E+01	1.82000000E+01	-1.10000000E+01	-1.25849168E+01	2.15498480E+01	-4.22483588E+00
-3.00000000E+01	-2.50000000E+01	-3.00000000E+00	-1.23476161E+00	7.08228603E+00	-2.54653926E-01
-2.39000000E+01	-2.50000000E+01	-3.00000000E+00	-2.19895313E+00	7.50991950E+00	-1.32124824E+00
-1.78000000E+01	-2.50000000E+01	-3.00000000E+00	-3.35015330E+00	7.58505424E+00	-2.26588330E+00
-1.17000000E+01	-2.50000000E+01	-3.00000000E+00	-4.41960832E+00	7.29014965E+00	-3.00136351E+00
-5.60000000E+00	-2.50000000E+01	-3.00000000E+00	-5.15764824E+00	6.69405278E+00	-3.45979958E+00
5.00000000E-01	-2.50000000E+01	-3.00000000E+00	-5.39197372E+00	5.93592560E+00	-3.59887506E+00
6.60000000E+00	-2.50000000E+01	-3.00000000E+00	-5.06788024E+00	5.19275693E+00	-3.40575244E+00
1.27000000E+01	-2.50000000E+01	-3.00000000E+00	-4.26102913E+00	4.63804344E+00	-2.89825811E+00
1.88000000E+01	-2.50000000E+01	-3.00000000E+00	-3.15978408E+00	4.40128594E+00	-2.12323689E+00
2.49000000E+01	-2.50000000E+01	-3.00000000E+00	-2.02123659E+00	4.53775673E+00	-1.15222797E+00
-3.00000000E+01	-1.78000000E+01	-3.00000000E+00	-1.14735878E-01	6.28056174E+00	-2.54653926E-01
-2.39000000E+01	-1.78000000E+01	-3.00000000E+00	-1.69069707E+00	6.39141745E+00	-1.32124824E+00
-1.78000000E+01	-1.78000000E+01	-3.00000000E+00	-3.57232199E+00	6.41089468E+00	-2.26588330E+00
-1.17000000E+01	-1.78000000E+01	-3.00000000E+00	-5.32033529E+00	6.33444637E+00	-3.00136351E+00
-5.60000000E+00	-1.78000000E+01	-3.00000000E+00	-6.52665401E+00	6.17991977E+00	-3.45979958E+00
5.00000000E-01	-1.78000000E+01	-3.00000000E+00	-6.90965662E+00	5.98338995E+00	-3.59887506E+00
6.60000000E+00	-1.78000000E+01	-3.00000000E+00	-6.37992913E+00	5.79073783E+00	-3.40575244E+00
1.27000000E+01	-1.78000000E+01	-3.00000000E+00	-5.06113924E+00	5.64693908E+00	-2.89825811E+00
1.88000000E+01	-1.78000000E+01	-3.00000000E+00	-3.26116545E+00	5.58556427E+00	-2.12323689E+00
2.49000000E+01	-1.78000000E+01	-3.00000000E+00	-1.40022120E+00	5.62094169E+00	-1.15222797E+00
-3.00000000E+01	-1.06000000E+01	-3.00000000E+00	-4.26922198E-01	5.33956982E+00	-2.54653926E-01
-2.39000000E+01	-1.06000000E+01	-3.00000000E+00	-1.83236399E+00	5.07862027E+00	-1.32124824E+00
-1.78000000E+01	-1.06000000E+01	-3.00000000E+00	-3.51039660E+00	5.03277172E+00	-2.26588330E+00
-1.17000000E+01	-1.06000000E+01	-3.00000000E+00	-5.06927442E+00	5.21272774E+00	-3.00136351E+00
-5.60000000E+00	-1.06000000E+01	-3.00000000E+00	-6.14506914E+00	5.57647665E+00	-3.45979958E+00
5.00000000E-01	-1.06000000E+01	-3.00000000E+00	-6.48663076E+00	6.03909934E+00	-3.59887506E+00
6.60000000E+00	-1.06000000E+01	-3.00000000E+00	-6.01421993E+00	6.49259408E+00	-3.40575244E+00
1.27000000E+01	-1.06000000E+01	-3.00000000E+00	-4.83812344E+00	6.83109011E+00	-2.89825811E+00
1.88000000E+01	-1.06000000E+01	-3.00000000E+00	-3.23290728E+00	6.97556375E+00	-2.12323689E+00
2.49000000E+01	-1.06000000E+01	-3.00000000E+00	-1.57331768E+00	6.89228685E+00	-1.15222797E+00
-3.00000000E+01	-3.40000000E+00	-3.00000000E+00	-2.01635486E+00	4.72640787E+00	-2.54653926E-01
-2.39000000E+01	-3.40000000E+00	-3.00000000E+00	-2.55363204E+00	4.22318543E+00	-1.32124824E+00
-1.78000000E+01	-3.40000000E+00	-3.00000000E+00	-3.19511619E+00	4.13476979E+00	-2.26588330E+00
-1.17000000E+01	-3.40000000E+00	-3.00000000E+00	-3.79104943E+00	4.48180204E+00	-3.00136351E+00
-5.60000000E+00	-3.40000000E+00	-3.00000000E+00	-4.20230798E+00	5.18326567E+00	-3.45979958E+00
5.00000000E-01	-3.40000000E+00	-3.00000000E+00	-4.33288135E+00	6.07540026E+00	-3.59887506E+00
6.60000000E+00	-3.40000000E+00	-3.00000000E+00	-4.15228649E+00	6.94993227E+00	-3.40575244E+00
1.27000000E+01	-3.40000000E+00	-3.00000000E+00	-3.70268423E+00	7.60269754E+00	-2.89825811E+00
1.88000000E+01	-3.40000000E+00	-3.00000000E+00	-3.08903661E+00	7.88130456E+00	-2.12323689E+00
2.49000000E+01	-3.40000000E+00	-3.00000000E+00	-2.45460291E+00	7.72071104E+00	-1.15222797E+00
-3.00000000E+01	3.80000000E+00	-3.00000000E+00	-4.09405769E+00	4.74544246E+00	-2.54653926E-01
-2.39000000E+01	3.80000000E+00	-3.00000000E+00	-3.49647203E+00	4.24974098E+00	-1.32124824E+00
-1.78000000E+01	3.80000000E+00	-3.00000000E+00	-2.78298234E+00	4.16264676E+00	-2.26588330E+00
-1.17000000E+01	3.80000000E+00	-3.00000000E+00	-2.12015657E+00	4.50449241E+00	-3.00136351E+00
-5.60000000E+00	3.80000000E+00	-3.00000000E+00	-1.66273492E+00	5.19547225E+00	-3.45979958E+00
5.00000000E-01	3.80000000E+00	-3.00000000E+00	-1.51750491E+00	6.07427336E+00	-3.59887506E+00
6.60000000E+00	3.80000000E+00	-3.00000000E+00	-1.71837125E+00	6.93573496E+00	-3.40575244E+00
1.27000000E+01	3.80000000E+00	-3.00000000E+00	-2.21844062E+00	7.57874427E+00	-2.89825811E+00
1.88000000E+01	3.80000000E+00	-3.00000000E+00	-2.90096918E+00	7.85318734E+00	-2.12323689E+00
2.49000000E+01	3.80000000E+00	-3.00000000E+00	-3.60661701E+00	7.69499399E+00	-1.15222797E+00
-3.00000000E+01	1.10000000E+01	-3.00000000E+00	-5.62868283E+00	5.38722504E+00	-2.54653926E-01
-2.39000000E+01	1.10000000E+01	-3.00000000E+00	-4.19286900E+00	5.14510506E+00	-1.32124824E+00
-1.78000000E+01	1.10000000E+01	-3.00000000E+00	-2.47857357E+00	5.10256483E+00	-2.26588330E+00
-1.17000000E+01	1.10000000E+01	-3.00000000E+00	-8.86007908E-01	5.26953562E+00	-3.00136351E+00
-5.60000000E+00	1.10000000E+01	-3.00000000E+00	2.13035074E-01	5.60703719E+00	-3.45979958E+00
5.00000000E-01	1.10000000E+01	-3.00000000E+00	5.61977957E-01	6.03627801E+00	-3.59887506E+00
6.60000000E+00	1.10000000E+01	-3.00000000E+00	7.93581726E-02	6.45704955E+00	-3.40575244E+00
1.27000000E+01	1.10000000E+01	-3.00000000E+00	-1.12215413E+00	6.77112043E+00	-2.89825811E+00
1.88000000E+01	1.10000000E+01	-3.00000000E+00	-2.76205952E+00	6.90516916E+00	-2.12323689E+00
2.49000000E+01	1.10000000E+01	-3.00000000E+00	-4.45751338E+00	6.82790134E+00	-1.15222797E+00
-3.00000000E+01	1.82000000E+01	-3.00000000E+00	-5.85845993E+00	6.33318209E+00	-2.54653926E-01
-2.39000000E+01	1.82000000E+01	-3.00000000E+00	-4.29713946E+00	6.46482918E+00	-1.32124824E+00
-1.78000000E+01	1.82000000E+01	-3.00000000E+00	-2.43299490E+00	6.48795944E+00	-2.26588330E+00
-1.17000000E+01	1.82000000E+01	-3.00000000E+00	-7.01220696E-01	6.39717297E+00	-3.00136351E+00
-5.60000000E+00	1.82000000E+01	-3.00000000E+00	4.93891277E-01	6.21366436E+00	-3.45979958E+00
5.00000000E-01	1.82000000E+01	-3.00000000E+00	8.73335780E-01	5.98027468E+00	-3.59887506E+00
6.60000000E+00	1.82000000E+01	-3.00000000E+00	3.48529478E-01	5.75148997E+00	-3.40575244E+00
1.27000000E+01	1.82000000E+01	-3.00000000E+00	-9.58008811E-01	5.58072125E+00	-2.89825811E+00
1.88000000E+01	1.82000000E+01	-3.00000000E+00	-2.74126078E+00	5.50783538E+00	-2.12323689E+00
2.49000000E+01	1.82000000E+01	-3.00000000E+00	-4.58491680E+00	5.54984796E+00	-1.15222797E+00
-3.00000000E+01	-2.50000000E+01	5.00000000E+00	6.76523839E+00	-8.91771397E+00	4.24423210E-01
-2.39000000E+01	-2.50000000E+01	5.00000000E+00	5.80104687E+00	-8.49008050E+00	2.20208041E+00
-1.78000000E+01	-2.50000000E+01	5.00000000E+00	4.64984670E+00	-8.41494576E+00	3.77647216E+00
-1.17000000E+01	-2.50000000E+01	5.00000000E+00	3.58039168E+00	-8.70985035E+00	5.00227252E+00
-5.60000000E+00	-2.50000000E+01	5.00000000E+00	2.84235176E+00	-9.30594722E+00	5.76633263E+00
5.00000000E-01	-2.50000000E+01	5.00000000E+00	2.60802628E+00	-1.00640744E+01	5.99812510E+00
6.60000000E+00	-2.50000000E+01	5.00000000E+00	2.93211976E+00	-1.08072431E+01	5.67625406E+00
1.27000000E+01	-2.50000000E+01	5.00000000E+00	3.73897087E+00	-1.13619566E+01	4.83043018E+00
1.88000000E+01	-2.50000000E+01	5.00000000E+00	4.84021592E+00	-1.15987141E+01	3.53872815E+00
2.49000000E+01	-2.50000000E+01	5.00000000E+00	5.97876341E+00	-1.14622433E+01	1.92037995E+00
-3.00000000E+01	-1.78000000E+01	5.00000000E+00	7.88526412E+00	-9.71943826E+00	4.24423210E-01
-2.39000000E+01	-1.78000000E+01	5.00000000E+00	6.30930293E+00	-9.60858255E+00	2.20208041E+00
-1.78000000E+01	-1.78000000E+01	5.00000000E+00	4.42767801E+00	-9.58910532E+00	3.77647216E+00
-1.17000000E+01	-1.78000000E+01	5.00000000E+00	2.67966471E+00	-9.66555363E+00	5.00227252E+00
-5.60000000E+00	-1.78000000E+01	5.00000000E+00	1.47334599E+00	-9.82008023E+00	5.76633263E+00
5.00000000E-01	-1.78000000E+01	5.00000000E+00	1.09034338E+00	-1.00166100E+01	5.99812510E+00
6.60000000E+00	-1.78000000E+01	5.00000000E+00	1.62007087E+00	-1.02092622E+01	5.67625406E+00
1.27000000E+01	-1.78000000E+01	5.00000000E+00	2.93886076E+00	-1.03530609E+01	4.83043018E+00
1.88000000E+01	-1.78000000E+01	5.00000000E+00	4.73883455E+00	-1.04144357E+01	3.53872815E+00
2.49000000E+01	-1.78000000E+01	5.00000000E+00	6.59977880E+00	-1.03790583E+01	1.92037995E+00
-3.00000000E+01	-1.06000000E+01	5.00000000E+00	7.57307780E+00	-1.06604302E+01	4.24423210E-01
-2.39000000E+01	-1.06000000E+01	5.00000000E+00	6.16763601E+00	-1.09213797E+01	2.20208041E+00
-1.78000000E+01	-1.06000000E+01	5.00000000E+00	4.48960340E+00	-1.09672283E+01	3.77647216E+00
-1.17000000E+01	-1.06000000E+01	5.00000000E+00	2.93072558E+00	-1.07872723E+01	5.00227252E+00
-5.60000000E+00	-1.06000000E+01	5.00000000E+00	1.85493086E+00	-1.04235233E+01	5.76633263E+00
5.00000000E-01	-1.06000000E+01	5.00000000E+00	1.51336924E+00	-9.96090066E+00	5.99812510E+00
6.60000000E+00	-1.06000000E+01	5.00000000E+00	1.98578007E+00	-9.50740592E+00	5.67625406E+00
1.27000000E+01	-1.06000000E+01	5.00000000E+00	3.16187656E+00	-9.16890989E+00	4.83043018E+00
1.88000000E+01	-1.06000000E+01	5.00000000E+00	4.76709272E+00	-9.02443625E+00	3.53872815E+00
2.49000000E+01	-1.06000000E+01	5.00000000E+00	6.42668232E+00	-9.10771315E+00	1.92037995E+00
-3.00000000E+01	-3.40000000E+00	5.00000000E+00	5.98364514E+00	-1.12735921E+01	4.24423210E-01
-2.39000000E+01	-3.40000000E+00	5.00000000E+00	5.44636796E+00	-1.17768146E+01	2.20208041E+00
-1.78000000E+01	-3.40000000E+00	5.00000000E+00	4.80488381E+00	-1.18652302E+01	3.77647216E+00
-1.17000000E+01	-3.40000000E+00	5.00000000E+00	4.20895057E+00	-1.15181980E+01	5.00227252E+00
-5.60000000E+00	-3.40000000E+00	5.00000000E+00	3.79769202E+00	-1.08167343E+01	5.76633263E+00
5.00000000E-01	-3.40000000E+00	5.00000000E+00	3.66711865E+00	-9.92459974E+00	5.99812510E+00
6.60000000E+00	-3.40000000E+00	5.00000000E+00	3.84771351E+00	-9.05006773E+00	5.67625406E+00
1.27000000E+01	-3.40000000E+00	5.00000000E+00	4.29731577E+00	-8.39730246E+00	4.83043018E+00
1.88000000E+01	-3.40000000E+00	5.00000000E+00	4.91096339E+00	-8.11869544E+00	3.53872815E+00
2.49000000E+01	-3.40000000E+00	5.00000000E+00	5.54539709E+00	-8.27928896E+00	1.92037995E+00
-3.00000000E+01	3.80000000E+00	5.00000000E+00	3.90594231E+00	-1.12545575E+01	4.24423210E-01
-2.39000000E+01	3.80000000E+00	5.00000000E+00	4.50352797E+00	-1.17502590E+01	2.20208041E+00
-1.78000000E+01	3.80000000E+00	5.00000000E+00	5.21701766E+00	-1.18373532E+01	3.77647216E+00
-1.17000000E+01	3.80000000E+00	5.00000000E+00	5.87984343E+00	-1.14955076E+01	5.00227252E+00
-5.60000000E+00	3.80000000E+00	5.00000000E+00	6.33726508E+00	-1.08045278E+01	5.76633263E+00
5.00000000E-01	3.80000000E+00	5.00000000E+00	6.48249509E+00	-9.92572664E+00	5.99812510E+00
6.60000000E+00	3.80000000E+00	5.00000000E+00	6.28162875E+00	-9.06426504E+00	5.67625406E+00
1.27000000E+01	3.80000000E+00	5.00000000E+00	5.78155938E+00	-8.42125573E+00	4.83043018E+00
1.88000000E+01	3.80000000E+00	5.00000000E+00	5.09903082E+00	-8.14681266E+00	3.53872815E+00
2.49000000E+01	3.80000000E+00	5.00000000E+00	4.39338299E+00	-8.30500601E+00	1.92037995E+00
-3.00000000E+01	1.10000000E+01	5.00000000E+00	2.37131717E+00	-1.06127750E+01	4.24423210E-01
-2.39000000E+01	1.10000000E+01	5.00000000E+00	3.80713100E+00	-1.08548949E+01	2.20208041E+00
-1.78000000E+01	1.10000000E+01	5.00000000E+00	5.52142643E+00	-1.08974352E+01	3.77647216E+00
-1.17000000E+01	1.10000000E+01	5.00000000E+00	7.11399209E+00	-1.07304644E+01	5.00227252E+00
-5.60000000E+00	1.10000000E+01	5.00000000E+00	8.21303507E+00	-1.03929628E+01	5.76633263E+00
5.00000000E-01	1.10000000E+01	5.00000000E+00	8.56197796E+00	-9.96372199E+00	5.99812510E+00
6.60000000E+00	1.10000000E+01	5.00000000E+00	8.07935817E+00	-9.54295045E+00	5.67625406E+00
1.27000000E+01	1.10000000E+01	5.00000000E+00	6.87784587E+00	-9.22887957E+00	4.83043018E+00
1.88000000E+01	1.10000000E+01	5.00000000E+00	5.23794048E+00	-9.09483084E+00	3.53872815E+00
2.49000000E+01	1.10000000E+01	5.00000000E+00	3.54248662E+00	-9.17209866E+00	1.92037995E+00
-3.00000000E+01	1.82000000E+01	5.00000000E+00	2.14154007E+00	-9.66681791E+00	4.24423210E-01
-2.39000000E+01	1.82000000E+01	5.00000000E+00	3.70286054E+00	-9.53517082E+00	2.20208041E+00
-1.78000000E+01	1.82000000E+01	5.00000000E+00	5.56700510E+00	-9.51204056E+00	3.77647216E+00
-1.17000000E+01	1.82000000E+01	5.00000000E+00	7.29877930E+00	-9.60282703E+00	5.00227252E+00
-5.60000000E+00	1.82000000E+01	5.00000000E+00	8.49389128E+00	-9.78633564E+00	5.76633263E+00
5.00000000E-01	1.82000000E+01	5.00000000E+00	8.87333578E+00	-1.00197253E+01	5.99812510E+00
6.60000000E+00	1.82000000E+01	5.00000000E+00	8.34852948E+00	-1.02485100E+01	5.67625406E+00
1.27000000E+01	1.82000000E+01	5.00000000E+00	7.04199119E+00	-1.04192787E+01	4.83043018E+00
1.88000000E+01	1.82000000E+01	5.00000000E+00	5.25873922E+00	-1.04921646E+01	3.53872815E+00
2.49000000E+01	1.82000000E+01	5.00000000E+00	3.41508320E+00	-1.04501520E+01	1.92037995E+00
-3.00000000E+01	-2.50000000E+01	1.30000000E+01	1.47652384E+01	-2.49177140E+01	1.10350035E+00
-2.39000000E+01	-2.50000000E+01	1.30000000E+01	1.38010469E+01	-2.44900805E+01	5.72540906E+00
-1.78000000E+01	-2.50000000E+01	1.30000000E+01	1.26498467E+01	-2.44149458E+01	9.81882761E+00
-1.17000000E+01	-2.50000000E+01	1.30000000E+01	1.15803917E+01	-2.47098503E+01	1.30059085E+01
-5.60000000E+00	-2.50000000E+01	1.30000000E+01	1.08423518E+01	-2.53059472E+01	1.49924648E+01
5.00000000E-01	-2.50000000E+01	1.30000000E+01	1.06080263E+01	-2.60640744E+01	1.55951253E+01
6.60000000E+00	-2.50000000E+01	1.30000000E+01	1.09321198E+01	-2.68072431E+01	1.47582606E+01
1.27000000E+01	-2.50000000E+01	1.30000000E+01	1.17389709E+01	-2.73619566E+01	1.25591185E+01
1.88000000E+01	-2.50000000E+01	1.30000000E+01	1.28402159E+01	-2.75987141E+01	9.20069319E+00
2.49000000E+01	-2.50000000E+01	1.30000000E+01	1.39787634E+01	-2.74622433E+01	4.99298786E+00
-3.00000000E+01	-1.78000000E+01	1.30000000E+01	1.58852641E+01	-2.57194383E+01	1.10350035E+00
-2.39000000E+01	-1.78000000E+01	1.30000000E+01	1.43093029E+01	-2.56085825E+01	5.72540906E+00
-1.78000000E+01	-1.78000000E+01	1.30000000E+01	1.24276780E+01	-2.55891053E+01	9.81882761E+00
-1.17000000E+01	-1.78000000E+01	1.30000000E+01	1.06796647E+01	-2.56655536E+01	1.30059085E+01
-5.60000000E+00	-1.78000000E+01	1.30000000E+01	9.47334599E+00	-2.58200802E+01	1.49924648E+01
5.00000000E-01	-1.78000000E+01	1.30000000E+01	9.09034338E+00	-2.60166100E+01	1.55951253E+01
6.60000000E+00	-1.78000000E+01	1.30000000E+01	9.62007087E+00	-2.62092622E+01	1.47582606E+01
1.27000000E+01	-1.78000000E+01	1.30000000E+01	1.09388608E+01	-2.63530609E+01	1.25591185E+01
1.88000000E+01	-1.78000000E+01	1.30000000E+01	1.27388345E+01	-2.64144357E+01	9.20069319E+00
2.49000000E+01	-1.78000000E+01	1.30000000E+01	1.45997788E+01	-2.63790583E+01	4.99298786E+00
-3.00000000E+01	-1.06000000E+01	1.30000000E+01	1.55730778E+01	-2.66604302E+01	1.10350035E+00
-2.39000000E+01	-1.06000000E+01	1.30000000E+01	1.41676360E+01	-2.69213797E+01	5.72540906E+00
-1.78000000E+01	-1.06000000E+01	1.30000000E+01	1.24896034E+01	-2.69672283E+01	9.81882761E+00
-1.17000000E+01	-1.06000000E+01	1.30000000E+01	1.09307256E+01	-2.67872723E+01	1.30059085E+01
-5.60000000E+00	-1.06000000E+01	1.30000000E+01	9.85493086E+00	-2.64235233E+01	1.49924648E+01
5.00000000E-01	-1.06000000E+01	1.30000000E+01	9.51336924E+00	-2.59609007E+01	1.55951253E+01
6.60000000E+00	-1.06000000E+01	1.30000000E+01	9.98578007E+00	-2.55074059E+01	1.47582606E+01
1.27000000E+01	-1.06000000E+01	1.30000000E+01	1.11618766E+01	-2.51689099E+01	1.25591185E+01
1.88000000E+01	-1.06000000E+01	1.30000000E+01	1.27670927E+01	-2.50244363E+01	9.20069319E+00
2.49000000E+01	-1.06000000E+01	1.30000000E+01	1.44266823E+01	-2.51077132E+01	4.99298786E+00
-3.00000000E+01	-3.40000000E+00	1.30000000E+01	1.39836451E+01	-2.72735921E+01	1.10350035E+00
-2.39000000E+01	-3.40000000E+00	1.30000000E+01	1.34463680E+01	-2.77768146E+01	5.72540906E+00
-1.78000000E+01	-3.40000000E+00	1.30000000E+01	1.28048838E+01	-2.78652302E+01	9.81882761E+00
-1.17000000E+01	-3.40000000E+00	1.30000000E+01	1.22089506E+01	-2.75181980E+01	1.30059085E+01
-5.60000000E+00	-3.40000000E+00	1.30000000E+01	1.17976920E+01	-2.68167343E+01	1.49924648E+01
5.00000000E-01	-3.40000000E+00	1.30000000E+01	1.16671186E+01	-2.59245997E+01	1.55951253E+01
6.60000000E+00	-3.40000000E+00	1.30000000E+01	1.18477135E+01	-2.50500677E+01	1.47582606E+01
1.27000000E+01	-3.40000000E+00	1.30000000E+01	1.22973158E+01	-2.43973025E+01	1.25591185E+01
1.88000000E+01	-3.40000000E+00	1.30000000E+01	1.29109634E+01	-2.41186954E+01	9.20069319E+00
2.49000000E+01	-3.40000000E+00	1.30000000E+01	1.35453971E+01	-2.42792890E+01	4.99298786E+00
-3.00000000E+01	3.80000000E+00	1.30000000E+01	1.19059423E+01	-2.72545575E+01	1.10350035E+00
-2.39000000E+01	3.80000000E+00	1.30000000E+01	1.25035280E+01	-2.77502590E+01	5.72540906E+00
-1.78000000E+01	3.80000000E+00	1.30000000E+01	1.32170177E+01	-2.78373532E+01	9.81882761E+00
-1.17000000E+01	3.80000000E+00	1.30000000E+01	1.38798434E+01	-2.74955076E+01	1.30059085E+01
-5.60000000E+00	3.80000000E+00	1.30000000E+01	1.43372651E+01	-2.68045278E+01	1.49924648E+01
5.00000000E-01	3.80000000E+00	1.30000000E+01	1.44824951E+01	-2.59257266E+01	1.55951253E+01
6.60000000E+00	3.80000000E+00	1.30000000E+01	1.42816288E+01	-2.50642650E+01	1.47582606E+01
1.27000000E+01	3.80000000E+00	1.30000000E+01	1.37815594E+01	-2.44212557E+01	1.25591185E+01
1.88000000E+01	3.80000000E+00	1.30000000E+01	1.30990308E+01	-2.41468127E+01	9.20069319E+00
2.49000000E+01	3.80000000E+00	1.30000000E+01	1.23933830E+01	-2.43050060E+01	4.99298786E+00
-3.00000000E+01	1.10000000E+01	1.30000000E+01	1.03713172E+01	-2.66127750E+01	1.10350035E+00
-2.39000000E+01	1.10000000E+01	1.30000000E+01	1.18071310E+01	-2.68548949E+01	5.72540906E+00
-1.78000000E+01	1.10000000E+01	1.30000000E+01	1.35214264E+01	-2.68974352E+01	9.81882761E+00
-1.17000000E+01	1.10000000E+01	1.30000000E+01	1.51139921E+01	-2.67304644E+01	1.30059085E+01
-5.60000000E+00	1.10000000E+01	1.30000000E+01	1.62130351E+01	-2.63929628E+01	1.49924648E+01
5.00000000E-01	1.10000000E+01	1.30000000E+01	1.65619780E+01	-2.59637220E+01	1.55951253E+01
6.60000000E+00	1.10000000E+01	1.30000000E+01	1.60793582E+01	-2.55429505E+01	1.47582606E+01
1.27000000E+01	1.10000000E+01	1.30000000E+01	1.48778459E+01	-2.52288796E+01	1.25591185E+01
1.88000000E+01	1.10000000E+01	1.30000000E+01	1.32379405E+01	-2.50948308E+01	9.20069319E+00
2.49000000E+01	1.10000000E+01	1.30000000E+01	1.15424866E+01	-2.51720987E+01	4.99298786E+00
-3.00000000E+01	1.82000000E+01	1.30000000E+01	1.01415401E+01	-2.56668179E+01	1.10350035E+00
-2.39000000E+01	1.82000000E+01	1.30000000E+01	1.17028605E+01	-2.55351708E+01	5.72540906E+00
-1.78000000E+01	1.82000000E+01	1.30000000E+01	1.35670051E+01	-2.55120406E+01	9.81882761E+00
-1.17000000E+01	1.82000000E+01	1.30000000E+01	1.52987793E+01	-2.56028270E+01	1.30059085E+01
-5.60000000E+00	1.82000000E+01	1.30000000E+01	1.64938913E+01	-2.57863356E+01	1.49924648E+01
5.00000000E-01	1.82000000E+01	1.30000000E+01	1.68733358E+01	-2.60197253E+01	1.55951253E+01
6.60000000E+00	1.82000000E+01	1.30000000E+01	1.63485295E+01	-2.62485100E+01	1.47582606E+01
1.27000000E+01	1.82000000E+01	1.30000000E+01	1.50419912E+01	-2.64192787E+01	1.25591185E+01
1.88000000E+01	1.82000000E+01	1.30000000E+01	1.32587392E+01	-2.64921646E+01	9.20069319E+00
2.49000000E+01	1.82000000E+01	1.30000000E+01	1.14150832E+01	-2.64501520E+01	4.99298786E+00
-3.00000000E+01	-2.50000000E+01	2.10000000E+01	2.27652384E+01	-4.09177140E+01	1.78257748E+00
-2.39000000E+01	-2.50000000E+01	2.10000000E+01	2.18010469E+01	-4.04900805E+01	9.24873771E+00
-1.78000000E+01	-2.50000000E+01	2.10000000E+01	2.06498467E+01	-4.04149458E+01	1.58611831E+01
-1.17000000E+01	-2.50000000E+01	2.10000000E+01	1.95803917E+01	-4.07098503E+01	2.10095446E+01
-5.60000000E+00	-2.50000000E+01	2.10000000E+01	1.88423518E+01	-4.13059472E+01	2.42185970E+01
5.00000000E-01	-2.50000000E+01	2.10000000E+01	1.86080263E+01	-4.20640744E+01	2.51921254E+01
6.60000000E+00	-2.50000000E+01	2.10000000E+01	1.89321198E+01	-4.28072431E+01	2.38402671E+01
1.27000000E+01	-2.50000000E+01	2.10000000E+01	1.97389709E+01	-4.33619566E+01	2.02878068E+01
1.88000000E+01	-2.50000000E+01	2.10000000E+01	2.08402159E+01	-4.35987141E+01	1.48626582E+01
2.49000000E+01	-2.50000000E+01	2.10000000E+01	2.19787634E+01	-4.34622433E+01	8.06559577E+00
-3.00000000E+01	-1.78000000E+01	2.10000000E+01	2.38852641E+01	-4.17194383E+01	1.78257748E+00
-2.39000000E+01	-1.78000000E+01	2.10000000E+01	2.23093029E+01	-4.16085825E+01	9.24873771E+00
-1.78000000E+01	-1.78000000E+01	2.10000000E+01	2.04276780E+01	-4.15891053E+01	1.58611831E+01
-1.17000000E+01	-1.78000000E+01	2.10000000E+01	1.86796647E+01	-4.16655536E+01	2.10095446E+01
-5.60000000E+00	-1.78000000E+01	2.10000000E+01	1.74733460E+01	-4.18200802E+01	2.42185970E+01
5.00000000E-01	-1.78000000E+01	2.10000000E+01	1.70903434E+01	-4.20166100E+01	2.51921254E+01
6.60000000E+00	-1.78000000E+01	2.10000000E+01	1.76200709E+01	-4.22092622E+01	2.38402671E+01
1.27000000E+01	-1.78000000E+01	2.10000000E+01	1.89388608E+01	-4.23530609E+01	2.02878068E+01
1.88000000E+01	-1.78000000E+01	2.10000000E+01	2.07388345E+01	-4.24144357E+01	1.48626582E+01
2.49000000E+01	-1.78000000E+01	2.10000000E+01	2.25997788E+01	-4.23790583E+01	8.06559577E+00
-3.00000000E+01	-1.06000000E+01	2.10000000E+01	2.35730778E+01	-4.26604302E+01	1.78257748E+00
-2.39000000E+01	-1.06000000E+01	2.10000000E+01	2.21676360E+01	-4.29213797E+01	9.24873771E+00
-1.78000000E+01	-1.06000000E+01	2.10000000E+01	2.04896034E+01	-4.29672283E+01	1.58611831E+01
-1.17000000E+01	-1.06000000E+01	2.10000000E+01	1.89307256E+01	-4.27872723E+01	2.10095446E+01
-5.60000000E+00	-1.06000000E+01	2.10000000E+01	1.78549309E+01	-4.24235233E+01	2.42185970E+01
5.00000000E-01	-1.06000000E+01	2.10000000E+01	1.75133692E+01	-4.19609007E+01	2.51921254E+01
6.60000000E+00	-1.06000000E+01	2.10000000E+01	1.79857801E+01	-4.15074059E+01	2.38402671E+01
1.27000000E+01	-1.06000000E+01	2.10000000E+01	1.91618766E+01	-4.11689099E+01	2.02878068E+01
1.88000000E+01	-1.06000000E+01	2.10000000E+01	2.07670927E+01	-4.10244363E+01	1.48626582E+01
2.49000000E+01	-1.06000000E+01	2.10000000E+01	2.24266823E+01	-4.11077132E+01	8.06559577E+00
-3.00000000E+01	-3.40000000E+00	2.10000000E+01	2.19836451E+01	-4.32735921E+01	1.78257748E+00
-2.39000000E+01	-3.40000000E+00	2.10000000E+01	2.14463680E+01	-4.37768146E+01	9.24873771E+00
-1.78000000E+01	-3.40000000E+00	2.10000000E+01	2.08048838E+01	-4.38652302E+01	1.58611831E+01
-1.17000000E+01	-3.40000000E+00	2.10000000E+01	2.02089506E+01	-4.35181980E+01	2.10095446E+01
-5.60000000E+00	-3.40000000E+00	2.10000000E+01	1.97976920E+01	-4.28167343E+01	2.42185970E+01
5.00000000E-01	-3.40000000E+00	2.10000000E+01	1.96671186E+01	-4.19245997E+01	2.51921254E+01
6.60000000E+00	-3.40000000E+00	2.10000000E+01	1.98477135E+01	-4.10500677E+01	2.38402671E+01
1.27000000E+01	-3.40000000E+00	2.10000000E+01	2.02973158E+01	-4.03973025E+01	2.02878068E+01
1.88000000E+01	-3.40000000E+00	2.10000000E+01	2.09109634E+01	-4.01186954E+01	1.48626582E+01
2.49000000E+01	-3.40000000E+00	2.10000000E+01	2.15453971E+01	-4.02792890E+01	8.06559577E+00
-3.00000000E+01	3.80000000E+00	2.10000000E+01	1.99059423E+01	-4.32545575E+01	1.78257748E+00
-2.39000000E+01	3.80000000E+00	2.10000000E+01	2.05035280E+01	-4.37502590E+01	9.24873771E+00
-1.78000000E+01	3.80000000E+00	2.10000000E+01	2.12170177E+01	-4.38373532E+01	1.58611831E+01
-1.17000000E+01	3.80000000E+00	2.10000000E+01	2.18798434E+01	-4.34955076E+01	2.10095446E+01
-5.60000000E+00	3.80000000E+00	2.10000000E+01	2.23372651E+01	-4.28045278E+01	2.42185970E+01
5.00000000E-01	3.80000000E+00	2.10000000E+01	2.24824951E+01	-4.19257266E+01	2.51921254E+01
6.60000000E+00	3.80000000E+00	2.10000000E+01	2.22816288E+01	-4.10642650E+01	2.38402671E+01
1.27000000E+01	3.80000000E+00	2.10000000E+01	2.17815594E+01	-4.04212557E+01	2.02878068E+01
1.88000000E+01	3.80000000E+00	2.10000000E+01	2.10990308E+01	-4.01468127E+01	1.48626582E+01
2.49000000E+01	3.80000000E+00	2.10000000E+01	2.03933830E+01	-4.03050060E+01	8.06559577E+00
-3.00000000E+01	1.10000000E+01	2.10000000E+01	1.83713172E+01	-4.26127750E+01	1.78257748E+00
-2.39000000E+01	1.10000000E+01	2.10000000E+01	1.98071310E+01	-4.28548949E+01	9.24873771E+00
-1.78000000E+01	1.10000000E+01	2.10000000E+01	2.15214264E+01	-4.28974352E+01	1.58611831E+01
-1.17000000E+01	1.10000000E+01	2.10000000E+01	2.31139921E+01	-4.27304644E+01	2.10095446E+01
-5.60000000E+00	1.10000000E+01	2.10000000E+01	2.42130351E+01	-4.23929628E+01	2.42185970E+01
5.00000000E-01	1.10000000E+01	2.10000000E+01	2.45619780E+01	-4.19637220E+01	2.51921254E+01
6.60000000E+00	1.10000000E+01	2.10000000E+01	2.40793582E+01	-4.15429505E+01	2.38402671E+01
1.27000000E+01	1.10000000E+01	2.10000000E+01	2.28778459E+01	-4.12288796E+01	2.02878068E+01
1.88000000E+01	1.10000000E+01	2.10000000E+01	2.12379405E+01	-4.10948308E+01	1.48626582E+01
2.49000000E+01	1.10000000E+01	2.10000000E+01	1.95424866E+01	-4.11720987E+01	8.06559577E+00
-3.00000000E+01	1.82000000E+01	2.10000000E+01	1.81415401E+01	-4.16668179E+01	1.78257748E+00
-2.39000000E+01	1.82000000E+01	2.10000000E+01	1.97028605E+01	-4.15351708E+01	9.24873771E+00
-1.78000000E+01	1.82000000E+01	2.10000000E+01	2.15670051E+01	-4.15120406E+01	1.58611831E+01
-1.17000000E+01	1.82000000E+01	2.10000000E+01	2.32987793E+01	-4.16028270E+01	2.10095446E+01
-5.60000000E+00	1.82000000E+01	2.10000000E+01	2.44938913E+01	-4.17863356E+01	2.42185970E+01
5.00000000E-01	1.82000000E+01	2.10000000E+01	2.48733358E+01	-4.20197253E+01	2.51921254E+01
6.60000000E+00	1.82000000E+01	2.10000000E+01	2.43485295E+01	-4.22485100E+01	2.38402671E+01
1.27000000E+01	1.82000000E+01	2.10000000E+01	2.30419912E+01	-4.24192787E+01	2.02878068E+01
1.88000000E+01	1.82000000E+01	2.10000000E+01	2.12587392E+01	-4.24921646E+01	1.48626582E+01
2.49000000E+01	1.82000000E+01	2.10000000E+01	1.94150832E+01	-4.24501520E+01	8.06559577E+00
-3.00000000E+01	-2.50000000E+01	2.90000000E+01	3.07652384E+01	-5.69177140E+01	2.46165462E+00
-2.39000000E+01	-2.50000000E+01	2.90000000E+01	2.98010469E+01	-5.64900805E+01	1.27720664E+01
-1.78000000E+01	-2.50000000E+01	2.90000000E+01	2.86498467E+01	-5.64149458E+01	2.19035385E+01
-1.17000000E+01	-2.50000000E+01	2.90000000E+01	2.75803917E+01	-5.67098503E+01	2.90131806E+01
-5.60000000E+00	-2.50000000E+01	2.90000000E+01	2.68423518E+01	-5.73059472E+01	3.34447293E+01
5.00000000E-01	-2.50000000E+01	2.90000000E+01	2.66080263E+01	-5.80640744E+01	3.47891256E+01
6.60000000E+00	-2.50000000E+01	2.90000000E+01	2.69321198E+01	-5.88072431E+01	3.29222736E+01
1.27000000E+01	-2.50000000E+01	2.90000000E+01	2.77389709E+01	-5.93619566E+01	2.80164950E+01
1.88000000E+01	-2.50000000E+01	2.90000000E+01	2.88402159E+01	-5.95987141E+01	2.05246233E+01
2.49000000E+01	-2.50000000E+01	2.90000000E+01	2.99787634E+01	-5.94622433E+01	1.11382037E+01
-3.00000000E+01	-1.78000000E+01	2.90000000E+01	3.18852641E+01	-5.77194383E+01	2.46165462E+00
-2.39000000E+01	-1.78000000E+01	2.90000000E+01	3.03093029E+01	-5.76085825E+01	1.27720664E+01
-1.78000000E+01	-1.78000000E+01	2.90000000E+01	2.84276780E+01	-5.75891053E+01	2.19035385E+01
-1.17000000E+01	-1.78000000E+01	2.90000000E+01	2.66796647E+01	-5.76655536E+01	2.90131806E+01
-5.60000000E+00	-1.78000000E+01	2.90000000E+01	2.54733460E+01	-5.78200802E+01	3.34447293E+01
5.00000000E-01	-1.78000000E+01	2.90000000E+01	2.50903434E+01	-5.80166100E+01	3.47891256E+01
6.60000000E+00	-1.78000000E+01	2.90000000E+01	2.56200709E+01	-5.82092622E+01	3.29222736E+01
1.27000000E+01	-1.78000000E+01	2.90000000E+01	2.69388608E+01	-5.83530609E+01	2.80164950E+01
1.88000000E+01	-1.78000000E+01	2.90000000E+01	2.87388345E+01	-5.84144357E+01	2.05246233E+01
2.49000000E+01	-1.78000000E+01	2.90000000E+01	3.05997788E+01	-5.83790583E+01	1.11382037E+01
-3.00000000E+01	-1.06000000E+01	2.90000000E+01	3.15730778E+01	-5.86604302E+01	2.46165462E+00
-2.39000000E+01	-1.06000000E+01	2.90000000E+01	3.01676360E+01	-5.89213797E+01	1.27720664E+01
-1.78000000E+01	-1.06000000E+01	2.90000000E+01	2.84896034E+01	-5.89672283E+01	2.19035385E+01
-1.17000000E+01	-1.06000000E+01	2.90000000E+01	2.69307256E+01	-5.87872723E+01	2.90131806E+01
-5.60000000E+00	-1.06000000E+01	2.90000000E+01	2.58549309E+01	-5.84235233E+01	3.34447293E+01
5.00000000E-01	-1.06000000E+01	2.90000000E+01	2.55133692E+01	-5.79609007E+01	3.47891256E+01
6.60000000E+00	-1.06000000E+01	2.90000000E+01	2.59857801E+01	-5.75074059E+01	3.29222736E+01
1.27000000E+01	-1.06000000E+01	2.90000000E+01	2.71618766E+01	-5.71689099E+01	2.80164950E+01
1.88000000E+01	-1.06000000E+01	2.90000000E+01	2.87670927E+01	-5.70244363E+01	2.05246233E+01
2.49000000E+01	-1.06000000E+01	2.90000000E+01	3.04266823E+01	-5.71077132E+01	1.11382037E+01
-3.00000000E+01	-3.40000000E+00	2.90000000E+01	2.99836451E+01	-5.92735921E+01	2.46165462E+00
-2.39000000E+01	-3.40000000E+00	2.90000000E+01	2.94463680E+01	-5.97768146E+01	1.27720664E+01
-1.78000000E+01	-3.40000000E+00	2.90000000E+01	2.88048838E+01	-5.98652302E+01	2.19035385E+01
-1.17000000E+01	-3.40000000E+00	2.90000000E+01	2.82089506E+01	-5.95181980E+01	2.90131806E+01
-5.60000000E+00	-3.40000000E+00	2.90000000E+01	2.77976920E+01	-5.88167343E+01	3.34447293E+01
5.00000000E-01	-3.40000000E+00	2.90000000E+01	2.76671186E+01	-5.79245997E+01	3.47891256E+01
6.60000000E+00	-3.40000000E+00	2.90000000E+01	2.78477135E+01	-5.70500677E+01	3.29222736E+01
1.27000000E+01	-3.40000000E+00	2.90000000E+01	2.82973158E+01	-5.63973025E+01	2.80164950E+01
1.88000000E+01	-3.40000000E+00	2.90000000E+01	2.89109634E+01	-5.61186954E+01	2.05246233E+01
2.49000000E+01	-3.40000000E+00	2.90000000E+01	2.95453971E+01	-5.62792890E+01	1.11382037E+01
-3.00000000E+01	3.80000000E+00	2.90000000E+01	2.79059423E+01	-5.92545575E+01	2.46165462E+00
-2.39000000E+01	3.80000000E+00	2.90000000E+01	2.85035280E+01	-5.97502590E+01	1.27720664E+01
-1.78000000E+01	3.80000000E+00	2.90000000E+01	2.92170177E+01	-5.98373532E+01	2.19035385E+01
-1.17000000E+01	3.80000000E+00	2.90000000E+01	2.98798434E+01	-5.94955076E+01	2.90131806E+01
-5.60000000E+00	3.80000000E+00	2.90000000E+01	3.03372651E+01	-5.88045278E+01	3.34447293E+01
5.00000000E-01	3.80000000E+00	2.90000000E+01	3.04824951E+01	-5.79257266E+01	3.47891256E+01
6.60000000E+00	3.80000000E+00	2.90000000E+01	3.02816288E+01	-5.70642650E+01	3.29222736E+01
1.27000000E+01	3.80000000E+00	2.90000000E+01	2.97815594E+01	-5.64212557E+01	2.80164950E+01
1.88000000E+01	3.80000000E+00	2.90000000E+01	2.90990308E+01	-5.61468127E+01	2.05246233E+01
2.49000000E+01	3.80000000E+00	2.90000000E+01	2.83933830E+01	-5.63050060E+01	1.11382037E+01
-3.00000000E+01	1.10000000E+01	2.90000000E+01	2.63713172E+01	-5.86127750E+01	2.46165462E+00
-2.39000000E+01	1.10000000E+01	2.90000000E+01	2.78071310E+01	-5.88548949E+01	1.27720664E+01
-1.78000000E+01	1.10000000E+01	2.90000000E+01	2.95214264E+01	-5.88974352E+01	2.19035385E+01
-1.17000000E+01	1.10000000E+01	2.90000000E+01	3.11139921E+01	-5.87304644E+01	2.90131806E+01
-5.60000000E+00	1.10000000E+01	2.90000000E+01	3.22130351E+01	-5.83929628E+01	3.34447293E+01
5.00000000E-01	1.10000000E+01	2.90000000E+01	3.25619780E+01	-5.79637220E+01	3.47891256E+01
6.60000000E+00	1.10000000E+01	2.90000000E+01	3.20793582E+01	-5.75429505E+01	3.29222736E+01
1.27000000E+01	1.10000000E+01	2.90000000E+01	3.08778459E+01	-5.72288796E+01	2.80164950E+01
1.88000000E+01	1.10000000E+01	2.90000000E+01	2.92379405E+01	-5.70948308E+01	2.05246233E+01
2.49000000E+01	1.10000000E+01	2.90000000E+01	2.75424866E+01	-5.71720987E+01	1.11382037E+01
-3.00000000E+01	1.82000000E+01	2.90000000E+01	2.61415401E+01	-5.76668179E+01	2.46165462E+00
-2.39000000E+01	1.82000000E+01	2.90000000E+01	2.77028605E+01	-5.75351708E+01	1.27720664E+01
-1.78000000E+01	1.82000000E+01	2.90000000E+01	2.95670051E+01	-5.75120406E+01	2.19035385E+01
-1.17000000E+01	1.82000000E+01	2.90000000E+01	3.12987793E+01	-5.76028270E+01	2.90131806E+01
-5.60000000E+00	1.82000000E+01	2.90000000E+01	3.24938913E+01	-5.77863356E+01	3.34447293E+01
5.00000000E-01	1.82000000E+01	2.90000000E+01	3.28733358E+01	-5.80197253E+01	3.47891256E+01
6.60000000E+00	1.82000000E+01	2.90000000E+01	3.23485295E+01	-5.82485100E+01	3.29222736E+01
1.27000000E+01	1.82000000E+01	2.90000000E+01	3.10419912E+01	-5.84192787E+01	2.80164950E+01
1.88000000E+01	1.82000000E+01	2.90000000E+01	2.92587392E+01	-5.84921646E+01	2.05246233E+01
2.49000000E+01	1.82000000E+01	2.90000000E+01	2.74150832E+01	-5.84501520E+01	1.11382037E+01
