0.0
0.015402453216052436
0.04042579027998894
0.05015173168394188
0.16458685685344243
0.22244709989829514
0.2347911436491094
0.2710708699996735
0.3027808637702825
0.3414411324171931
0.34939465451629037
0.41129682159870223
0.4324111907407736
0.4449061479737577
0.4805611011093145
0.49182502690190444
0.49220210479720955
0.5078529774326512
0.5150585898690199
0.5436536176061383
0.6324859283467441
0.6690790732058218
0.7535492609906663
0.7944054272905594
0.8222338464926966
0.9322484900192354
0.9325221401381886
0.9340174232468272
0.9485562832977088
0.9781536283738907
1.0031031992835109
1.0360427959154521
1.0420332086832609
1.08176459331145
1.1036995268680116
1.1253166150821505
1.193718411598248
1.2578767466472571
1.2761613318616714
1.316465189895279
1.373388209207408
1.3945672557530444
1.4303400894754401
1.4392091016262216
1.4558659234325373
1.4952581956527902
1.5189013926900667
1.553558771839925
1.5868172411466928
1.5902364226277315
1.7120154617970684
1.7193540753986498
1.7297991644583197
1.7708880656939399
1.8332209992277386
1.8345967082845296
2.021467081678993
2.0349053770058396
2.034917624714421
2.04514837186905
2.0954558278475415
2.1584216878717557
2.1691265430363997
2.1875468910778673
2.2011753153879643
2.214529937448363
2.218726187711165
2.237170246678902
2.2899867360426915
2.3015222054928945
2.317783264182022
2.3420770735035408
2.423221085393814
2.5076630888337657
2.5193075270365672
2.5233622067258707
2.5713954386409736
2.6054864299052647
2.6383545335187977
2.656090163339312
2.672203270340271
2.6755457560502216
2.7010553730345355
2.7202587334696395
2.724048373121254
2.752060995720428
2.783535444678776
2.809658745299996
2.8279142183413777
2.8564344118421263
2.8923945794448054
2.921117299306325
3.020490105164936
3.0422143176548344
3.0982948728320294
3.104720662458722
3.305723519512837
3.324579935064185
3.3272639923994918
3.377070764711183
3.3856842140201806
3.5
